

RMS_L1= 3.22533560126e-07
RMS_L2= 3.37853229553e-08

RMS_L1= 2.09041570625e-06
RMS_L2= 2.78541751741e-08
3.22533560126e-05 0.0 79.1789840676 -0.375566666667 1719.07160647   
3.37853229553e-07 0.0 1.16115787363 0.539566666667 1719.07160647   
3.22533560126e-05 0.0 79.1789840676 -0.550433333333 1382.79330846   
3.37853229553e-07 0.0 1.16115787363 0.312433333333 1382.79330846   
3.22533560126e-05 5.26835606386e-09 79.1789840676 -0.448766666667 782.978700083   
3.37853229553e-07 1.16415321827e-10 1.16115787363 -0.00936666666667 782.978700083   
3.22533560126e-05 7.45058059692e-09 79.1789840676 -0.533766666667 673.665422628   
3.37853229553e-07 0.0 1.16115787363 -0.3731 673.665422628   
3.22533560126e-05 2.63417803193e-09 79.1789840676 -0.2383 205.852629187   
3.37853229553e-07 5.26835606386e-09 1.16115787363 -0.489033333333 205.852629187   
3.22533560126e-05 0.0 79.1789840676 -0.103166666667 64.4225200249   
3.37853229553e-07 5.26835606386e-09 1.16115787363 -0.434433333333 64.4225200249   
3.22533560126e-05 0.0 79.1789840676 -0.0471 21.1816469105   
3.37853229553e-07 3.72529029846e-09 1.16115787363 -0.2101 21.1816469105   
0.000209041570625 0.0 269.981674118 0.287033333333 1719.07160647   
2.78541751741e-07 0.0 0.515647250695 -0.649033333333 1719.07160647   
0.000209041570625 5.26835606386e-09 269.981674118 0.496433333333 1382.79330846   
2.78541751741e-07 2.63417803193e-09 0.515647250695 0.1993 1382.79330846   
0.000209041570625 7.45058059692e-09 269.981674118 0.466166666667 782.978700083   
2.78541751741e-07 0.0 0.515647250695 -0.219433333333 782.978700083   
0.000209041570625 7.45058059692e-09 269.981674118 0.611166666667 673.665422628   
2.78541751741e-07 0.0 0.515647250695 -0.00116666666667 673.665422628   
0.000209041570625 0.0 269.981674118 0.264033333333 205.852629187   
2.78541751741e-07 0.0 0.515647250695 0.5721 205.852629187   
0.000209041570625 0.0 269.981674118 0.0975666666667 64.4225200249   
2.78541751741e-07 3.72529029846e-09 0.515647250695 0.3181 64.4225200249   
0.000209041570625 4.65661287308e-10 269.981674118 0.0330333333333 21.1816469105   
2.78541751741e-07 0.0 0.515647250695 0.2497 21.1816469105   
CALCULATING MATRIX.........n23


finished process
##############################


MATRIX PERMUTATION.....n2

 
MATRIX PERMUTATION.....n3

 
finished process
##############################


MODES.....n2

 
MODES.....n3

 
finished process
##############################


MODES.....n2

 
MODES.....n3

 
finished process 




