

RMS_L1= 6.42072344279e-06
RMS_L2= 9.76779356757e-09

RMS_L1= 5.16621345978e-07
RMS_L2= 2.73018130091e-10
0.000642072344279 5.26835606386e-09 901.252997073 -0.422233333333 253.627116819   
9.76779356757e-08 0.0 0.531429921721 0.6057 253.627116819   
0.000642072344279 0.0 901.252997073 -0.564433333333 204.468799949   
9.76779356757e-08 2.63417803193e-09 0.531429921721 0.236633333333 204.468799949   
0.000642072344279 0.0 901.252997073 -0.448033333333 115.248696125   
9.76779356757e-08 0.0 0.531429921721 -0.0490333333333 115.248696125   
0.000642072344279 0.0 901.252997073 -0.5085 97.4035352584   
9.76779356757e-08 0.0 0.531429921721 0.0 97.4035352584   
0.000642072344279 0.0 901.252997073 -0.1959 28.7990946251   
9.76779356757e-08 0.0 0.531429921721 0.0 28.7990946251   
0.000642072344279 0.0 901.252997073 -0.0688333333333 8.78620143758   
9.76779356757e-08 0.0 0.531429921721 -0.294766666667 8.78620143758   
0.000642072344279 0.0 901.252997073 -0.0255666666667 3.14350656212   
9.76779356757e-08 0.0 0.531429921721 -0.213366666667 3.14350656212   
5.16621345978e-05 0.0 87.869163741 0.2879 253.627116819   
2.73018130091e-09 7.45058059692e-09 0.0182481745925 -0.6897 253.627116819   
5.16621345978e-05 0.0 87.869163741 0.5093 204.468799949   
2.73018130091e-09 7.45058059692e-09 0.0182481745925 0.6183 204.468799949   
5.16621345978e-05 0.0 87.869163741 0.473233333333 115.248696125   
2.73018130091e-09 0.0 0.0182481745925 -0.355033333333 115.248696125   
5.16621345978e-05 7.45058059692e-09 87.869163741 0.601833333333 97.4035352584   
2.73018130091e-09 0.0 0.0182481745925 0.106633333333 97.4035352584   
5.16621345978e-05 2.63417803193e-09 87.869163741 0.2497 28.7990946251   
2.73018130091e-09 4.65661287308e-10 0.0182481745925 -0.0334333333333 28.7990946251   
5.16621345978e-05 0.0 87.869163741 0.0899666666667 8.78620143758   
2.73018130091e-09 0.0 0.0182481745925 -0.0541666666667 8.78620143758   
5.16621345978e-05 0.0 87.869163741 0.0329666666667 3.14350656212   
2.73018130091e-09 0.0 0.0182481745925 0.0229666666667 3.14350656212   
CALCULATING MATRIX.........n23


finished process
##############################


MATRIX PERMUTATION.....n2

 
MATRIX PERMUTATION.....n3

 
finished process
##############################


MODES.....n2

 
MODES.....n3

 
finished process
##############################


MODES.....n2

 
MODES.....n3

 
finished process 




