

RMS_L1= 1.75395719125e-05
RMS_L2= 9.81916140996e-08

RMS_L1= 3.27771355745e-06
RMS_L2= 5.53255779307e-08
0.00175395719125 5.26835606386e-09 3751.89792841 -0.418366666667 969.990947886   
9.81916140996e-07 0.0 1.2870865064 -0.536633333333 969.990947886   
0.00175395719125 7.45058059692e-09 3751.89792841 -0.5609 776.634506648   
9.81916140996e-07 0.0 1.2870865064 -0.293566666667 776.634506648   
0.00175395719125 0.0 3751.89792841 -0.448366666667 435.882309112   
9.81916140996e-07 2.32830643654e-10 1.2870865064 0.0213666666667 435.882309112   
0.00175395719125 0.0 3751.89792841 -0.513633333333 368.888004288   
9.81916140996e-07 5.26835606386e-09 1.2870865064 0.492966666667 368.888004288   
0.00175395719125 2.63417803193e-09 3751.89792841 -0.199766666667 109.952831685   
9.81916140996e-07 0.0 1.2870865064 0.5005 109.952831685   
0.00175395719125 0.0 3751.89792841 -0.0706333333333 33.7804502073   
9.81916140996e-07 5.26835606386e-09 1.2870865064 0.3087 33.7804502073   
0.00175395719125 0.0 3751.89792841 -0.0240333333333 11.0483681783   
9.81916140996e-07 2.63417803193e-09 1.2870865064 0.191366666667 11.0483681783   
0.000327771355745 3.72529029846e-09 807.30506558 -0.285433333333 969.990947886   
5.53255779307e-07 0.0 0.777827143534 0.0 969.990947886   
0.000327771355745 0.0 807.30506558 -0.5041 776.634506648   
5.53255779307e-07 5.26835606386e-09 0.777827143534 0.400833333333 776.634506648   
0.000327771355745 5.26835606386e-09 807.30506558 -0.4713 435.882309112   
5.53255779307e-07 0.0 0.777827143534 -0.125766666667 435.882309112   
0.000327771355745 0.0 807.30506558 -0.6059 368.888004288   
5.53255779307e-07 0.0 0.777827143534 0.2133 368.888004288   
0.000327771355745 0.0 807.30506558 -0.255833333333 109.952831685   
5.53255779307e-07 9.31322574615e-10 0.777827143534 -0.0639666666667 109.952831685   
0.000327771355745 0.0 807.30506558 -0.0935 33.7804502073   
5.53255779307e-07 0.0 0.777827143534 -0.0370333333333 33.7804502073   
0.000327771355745 0.0 807.30506558 -0.0318333333333 11.0483681783   
5.53255779307e-07 0.0 0.777827143534 -0.0563 11.0483681783   
CALCULATING MATRIX.........n23


finished process
##############################


MATRIX PERMUTATION.....n2

 
MATRIX PERMUTATION.....n3

 
finished process
##############################


MODES.....n2

 
MODES.....n3

 
finished process
##############################


MODES.....n2

 
MODES.....n3

 
finished process 




