

RMS_L1= 1.05228788808e-05
RMS_L2= 6.64314422761e-08

RMS_L1= 4.86864515702e-06
RMS_L2= 1.23729279782e-08
0.00105228788808 5.26835606386e-09 2440.11332308 -0.4157 1428.56349549   
6.64314422761e-07 0.0 1.46190450437 0.4961 1428.56349549   
0.00105228788808 0.0 2440.11332308 -0.558433333333 1143.48788702   
6.64314422761e-07 0.0 1.46190450437 0.0245 1143.48788702   
0.00105228788808 5.26835606386e-09 2440.11332308 -0.448566666667 642.630556366   
6.64314422761e-07 0.0 1.46190450437 0.369633333333 642.630556366   
0.00105228788808 0.0 2440.11332308 -0.5169 546.249609373   
6.64314422761e-07 0.0 1.46190450437 -0.518033333333 546.249609373   
0.00105228788808 0.0 2440.11332308 -0.2027 164.097451404   
6.64314422761e-07 0.0 1.46190450437 -0.435966666667 164.097451404   
0.00105228788808 0.0 2440.11332308 -0.0722333333333 50.7264792732   
6.64314422761e-07 0.0 1.46190450437 -0.335566666667 50.7264792732   
0.00105228788808 3.29272253991e-10 2440.11332308 -0.0248333333333 16.6139333789   
6.64314422761e-07 2.63417803193e-09 1.46190450437 -0.213633333333 16.6139333789   
0.000486864515702 3.72529029846e-09 1099.79219896 -0.284366666667 1428.56349549   
1.23729279782e-07 0.0 0.272751897399 -0.371566666667 1428.56349549   
0.000486864515702 0.0 1099.79219896 -0.500766666667 1143.48788702   
1.23729279782e-07 0.0 0.272751897399 -0.413433333333 1143.48788702   
0.000486864515702 5.26835606386e-09 1099.79219896 -0.469833333333 642.630556366   
1.23729279782e-07 0.0 0.272751897399 -0.0317666666667 642.630556366   
0.000486864515702 7.45058059692e-09 1099.79219896 -0.608366666667 546.249609373   
1.23729279782e-07 0.0 0.272751897399 0.264233333333 546.249609373   
0.000486864515702 0.0 1099.79219896 -0.259366666667 164.097451404   
1.23729279782e-07 5.26835606386e-09 0.272751897399 0.383033333333 164.097451404   
0.000486864515702 0.0 1099.79219896 -0.0957 50.7264792732   
1.23729279782e-07 0.0 0.272751897399 0.5755 50.7264792732   
0.000486864515702 4.65661287308e-10 1099.79219896 -0.0329666666667 16.6139333789   
1.23729279782e-07 0.0 0.272751897399 0.3771 16.6139333789   
CALCULATING MATRIX.........n23


finished process
##############################


MATRIX PERMUTATION.....n2

 
MATRIX PERMUTATION.....n3

 
finished process
##############################


MODES.....n2

 
MODES.....n3

 
finished process
##############################


MODES.....n2

 
MODES.....n3

 
finished process 




