

RMS_L1= 0.00064294670508
RMS_L2= 0.00809066709713

RMS_L1= 0.000551813911977
RMS_L2= 0.00647029711418
0.064294670508 0.00410624457175 16.9340581151 -0.41836082 1237.15250832   
0.0809066709713 0.161236864337 0.428809218193 -0.712673306627 1237.15250832   
0.064294670508 0.00341288719547 16.9340581151 -0.56600032 1037.054025   
0.0809066709713 0.198484506501 0.428809218193 -0.0840611283592 1037.054025   
0.064294670508 0.00293417666998 16.9340581151 -0.436817793333 606.443480988   
0.0809066709713 0.13149364584 0.428809218193 0.0391248105492 606.443480988   
0.064294670508 0.00286070156612 16.9340581151 -0.517977493333 526.418639434   
0.0809066709713 0.176520222982 0.428809218193 0.545783839092 526.418639434   
0.064294670508 0.00161635503526 16.9340581151 -0.200344993333 155.603562721   
0.0809066709713 0.118700308139 0.428809218193 0.186243301619 155.603562721   
0.064294670508 0.000806582328482 16.9340581151 -0.0684490266667 45.0002061377   
0.0809066709713 0.0580583805869 0.428809218193 0.135820454014 45.0002061377   
0.064294670508 0.000419111313774 16.9340581151 -0.0252114666667 12.9451621768   
0.0809066709713 0.0279857584022 0.428809218193 -0.0199596695043 12.9451621768   
0.0551813911977 0.000220927718142 284.832369049 -0.2800881 1237.15250832   
0.0647029711418 0.0827501825961 0.30067048548 -0.793458580908 1237.15250832   
0.0551813911977 0.000198855780835 284.832369049 -0.492744973333 1037.054025   
0.0647029711418 0.119922050978 0.30067048548 0.111827118135 1037.054025   
0.0551813911977 0.000158509293038 284.832369049 -0.466161446667 606.443480988   
0.0647029711418 0.118463103029 0.30067048548 -0.27759236771 606.443480988   
0.0551813911977 0.000148834643854 284.832369049 -0.614232266667 526.418639434   
0.0647029711418 0.119855601915 0.30067048548 0.401001403754 526.418639434   
0.0551813911977 9.38451679313e-05 284.832369049 -0.269137466667 155.603562721   
0.0647029711418 0.0757846277877 0.30067048548 0.224566826715 155.603562721   
0.0551813911977 5.03230294108e-05 284.832369049 -0.102110626667 45.0002061377   
0.0647029711418 0.0653531410229 0.30067048548 -0.0977321696509 45.0002061377   
0.0551813911977 2.69984682622e-05 284.832369049 -0.03610346 12.9451621768   
0.0647029711418 0.0198569089716 0.30067048548 -0.00640224400654 12.9451621768   
CALCULATING MATRIX.........n23


finished process
##############################


MATRIX PERMUTATION.....n2

 
MATRIX PERMUTATION.....n3

 
finished process
##############################


MODES.....n2

 
MODES.....n3

 
finished process
##############################


MODES.....n2

 
MODES.....n3

 
finished process 




