

RMS_L1= 0.000670367225974
RMS_L2= 0.00703975458745

RMS_L1= 0.000556878422534
RMS_L2= 0.00721274298385
0.0670367225974 5.11784850013e-05 1463.53879888 -0.416565793333 1150.42120861   
0.0703975458745 0.301690957118 0.302206950653 -0.457850472693 1150.42120861   
0.0670367225974 4.71204028252e-05 1463.53879888 -0.55859474 956.089848863   
0.0703975458745 0.326290345963 0.302206950653 -0.268046344283 956.089848863   
0.0670367225974 4.1019114807e-05 1463.53879888 -0.448377766667 553.31892422   
0.0703975458745 0.26683751987 0.302206950653 0.509250064613 553.31892422   
0.0670367225974 4.05527826456e-05 1463.53879888 -0.516736973333 473.546863273   
0.0703975458745 0.253900135945 0.302206950653 0.230417152962 473.546863273   
0.0670367225974 2.21102036258e-05 1463.53879888 -0.201840166667 137.221718632   
0.0703975458745 0.140688955504 0.302206950653 0.034491239883 137.221718632   
0.0670367225974 1.37026129092e-05 1463.53879888 -0.0712303866667 38.9420305244   
0.0703975458745 0.116486646948 0.302206950653 -0.167302849759 38.9420305244   
0.0670367225974 3.31754956427e-05 1463.53879888 -0.0239300933333 11.0036753239   
0.0703975458745 0.0587102464409 0.302206950653 -0.0834042440318 11.0036753239   
0.0556878422534 6.07175521029e-05 1078.9725971 -0.283387366667 1150.42120861   
0.0721274298385 0.164190934862 0.516921028688 -0.46679016 1150.42120861   
0.0556878422534 5.58975212548e-05 1078.9725971 -0.49939502 956.089848863   
0.0721274298385 0.159686423767 0.516921028688 -0.622579633333 956.089848863   
0.0556878422534 4.67366021753e-05 1078.9725971 -0.468660366667 553.31892422   
0.0721274298385 0.102907121611 0.516921028688 0.375988646667 553.31892422   
0.0556878422534 4.45772197124e-05 1078.9725971 -0.609585686667 473.546863273   
0.0721274298385 0.0914968477046 0.516921028688 0.408500746667 473.546863273   
0.0556878422534 2.83234372615e-05 1078.9725971 -0.261573026667 137.221718632   
0.0721274298385 0.0717038538714 0.516921028688 0.0556553733333 137.221718632   
0.0556878422534 2.7267093748e-05 1078.9725971 -0.0974191733333 38.9420305244   
0.0721274298385 0.0379086814564 0.516921028688 0.0511036533333 38.9420305244   
0.0556878422534 0.0 1078.9725971 -0.0339 11.0036753239   
0.0721274298385 0.0204352821957 0.516921028688 -0.0462111066667 11.0036753239   
CALCULATING MATRIX.........n23


finished process
##############################


MATRIX PERMUTATION.....n2

 
MATRIX PERMUTATION.....n3

 
finished process
##############################


MODES.....n2

 
MODES.....n3

 
finished process
##############################


MODES.....n2

 
MODES.....n3

 
finished process 




