

RMS_L1= 1.82011935081e-05
RMS_L2= 2.9244122036e-08

RMS_L1= 1.5266237825e-06
RMS_L2= 9.4576254541e-09
0.00182011935081 0.0 3719.36778903 0.419966666667 742.049793797   
2.9244122036e-07 3.72529029846e-09 0.481755404642 -0.298433333333 742.049793797   
0.00182011935081 0.0 3719.36778903 0.562033333333 612.210750342   
2.9244122036e-07 0.0 0.481755404642 -0.5573 612.210750342   
0.00182011935081 0.0 3719.36778903 0.448433333333 351.207078161   
2.9244122036e-07 0.0 0.481755404642 0.0862333333333 351.207078161   
0.00182011935081 7.45058059692e-09 3719.36778903 0.5121 297.213009073   
2.9244122036e-07 0.0 0.481755404642 0.5671 297.213009073   
0.00182011935081 0.0 3719.36778903 0.197833333333 84.854000432   
2.9244122036e-07 0.0 0.481755404642 0.476433333333 84.854000432   
0.00182011935081 0.0 3719.36778903 0.0691 23.7679415503   
2.9244122036e-07 0.0 0.481755404642 0.2063 23.7679415503   
0.00182011935081 0.0 3719.36778903 0.0231 6.66392330469   
2.9244122036e-07 0.0 0.481755404642 0.0419666666667 6.66392330469   
0.00015266237825 0.0 814.174995194 -0.285566666667 742.049793797   
9.4576254541e-08 0.0 0.226121798938 0.431366666667 742.049793797   
0.00015266237825 0.0 814.174995194 -0.504166666667 612.210750342   
9.4576254541e-08 0.0 0.226121798938 -0.726566666667 612.210750342   
0.00015266237825 5.26835606386e-09 814.174995194 -0.471233333333 351.207078161   
9.4576254541e-08 0.0 0.226121798938 0.2267 351.207078161   
0.00015266237825 7.45058059692e-09 814.174995194 -0.605633333333 297.213009073   
9.4576254541e-08 0.0 0.226121798938 0.367033333333 297.213009073   
0.00015266237825 0.0 814.174995194 -0.256166666667 84.854000432   
9.4576254541e-08 0.0 0.226121798938 -0.305966666667 84.854000432   
0.00015266237825 0.0 814.174995194 -0.0939 23.7679415503   
9.4576254541e-08 0.0 0.226121798938 -0.0789 23.7679415503   
0.00015266237825 0.0 814.174995194 -0.0323666666667 6.66392330469   
9.4576254541e-08 8.23180634978e-11 0.226121798938 -0.00716666666667 6.66392330469   
CALCULATING MATRIX.........n23


finished process
##############################


MATRIX PERMUTATION.....n2

 
MATRIX PERMUTATION.....n3

 
finished process
##############################


MODES.....n2

 
MODES.....n3

 
finished process
##############################


MODES.....n2

 
MODES.....n3

 
finished process 




