

RMS_L1= 0.000265940081596
RMS_L2= 0.00173656919291

RMS_L1= 0.000161930394197
RMS_L2= 0.00257099331802
0.0265940081596 3.28477682783e-05 1784.87225458 0.422527586667 341.208110489   
0.0173656919291 0.07584579821 0.321256991189 0.40226514 341.208110489   
0.0265940081596 8.55251689132e-06 1784.87225458 0.5646329 280.135647721   
0.0173656919291 0.062920926187 0.321256991189 0.34132546 280.135647721   
0.0265940081596 3.16562395128e-05 1784.87225458 0.44818956 159.835773308   
0.0173656919291 0.0536898573369 0.321256991189 0.08138156 159.835773308   
0.0265940081596 1.61133081467e-05 1784.87225458 0.508504153333 134.460344169   
0.0173656919291 0.05071644176 0.321256991189 -0.521000306667 134.460344169   
0.0265940081596 4.15520606599e-06 1784.87225458 0.194966926667 38.1533181468   
0.0173656919291 0.0444894593618 0.321256991189 -0.593385473333 38.1533181468   
0.0265940081596 2.67710946886e-05 1784.87225458 0.0677134733333 10.6523013252   
0.0173656919291 0.0296762869902 0.321256991189 -0.2170555 10.6523013252   
0.0265940081596 3.29272253991e-10 1784.87225458 0.0242333333333 3.21018189603   
0.0173656919291 0.0375411092632 0.321256991189 -0.157986153333 3.21018189603   
0.0161930394197 8.79811941219e-05 213.414176662 -0.28627728 341.208110489   
0.0257099331802 0.207242770337 0.114767161076 -0.720400354267 341.208110489   
0.0161930394197 7.7565797891e-05 213.414176662 -0.507244646667 280.135647721   
0.0257099331802 0.269490600644 0.114767161076 0.377906298086 280.135647721   
0.0161930394197 6.42590032144e-05 213.414176662 -0.47262054 159.835773308   
0.0257099331802 0.20001596977 0.114767161076 0.0616975523349 159.835773308   
0.0161930394197 6.12099854087e-05 213.414176662 -0.6032434 134.460344169   
0.0257099331802 0.23349460663 0.114767161076 -0.12048475577 134.460344169   
0.0161930394197 4.02409137744e-05 213.414176662 -0.25268338 38.1533181468   
0.0257099331802 0.216292678163 0.114767161076 0.195516267669 38.1533181468   
0.0161930394197 3.30061482792e-05 213.414176662 -0.0920619133333 10.6523013252   
0.0257099331802 0.118610528064 0.114767161076 0.0922384934693 10.6523013252   
0.0161930394197 2.94998425641e-05 213.414176662 -0.0339178133333 3.21018189603   
0.0257099331802 0.0466407223832 0.114767161076 0.00501713007694 3.21018189603   
CALCULATING MATRIX.........n23


finished process
##############################


MATRIX PERMUTATION.....n2

 
MATRIX PERMUTATION.....n3

 
finished process
##############################


MODES.....n2

 
MODES.....n3

 
finished process
##############################


MODES.....n2

 
MODES.....n3

 
finished process 




