

RMS_L1= 4.47789191508e-06
RMS_L2= 2.08119861596e-08

RMS_L1= 1.45620258791e-07
RMS_L2= 3.22199252041e-09
0.000447789191508 0.0 893.768337903 -0.423433333333 214.581236417   
2.08119861596e-07 0.0 0.270525399956 -0.3659 214.581236417   
0.000447789191508 0.0 893.768337903 -0.565366666667 175.863836717   
2.08119861596e-07 0.0 0.270525399956 -0.316766666667 175.863836717   
0.000447789191508 0.0 893.768337903 -0.448166666667 100.161277267   
2.08119861596e-07 0.0 0.270525399956 -0.0051 100.161277267   
0.000447789191508 7.45058059692e-09 893.768337903 -0.507233333333 84.1169673   
2.08119861596e-07 5.26835606386e-09 0.270525399956 0.413166666667 84.1169673   
0.000447789191508 0.0 893.768337903 -0.194033333333 23.8396326253   
2.08119861596e-07 0.0 0.270525399956 0.4573 23.8396326253   
0.000447789191508 9.31322574615e-10 893.768337903 -0.0675666666667 6.68388531419   
2.08119861596e-07 0.0 0.270525399956 0.352833333333 6.68388531419   
0.000447789191508 4.65661287308e-10 893.768337903 -0.0276333333333 2.31029556783   
2.08119861596e-07 7.45058059692e-09 0.270525399956 0.511366666667 2.31029556783   
1.45620258791e-05 3.72529029846e-09 89.3471979741 -0.286566666667 214.581236417   
3.22199252041e-08 0.0 0.0579606407887 -0.634233333333 214.581236417   
1.45620258791e-05 0.0 89.3471979741 -0.508766666667 175.863836717   
3.22199252041e-08 0.0 0.0579606407887 0.6601 175.863836717   
1.45620258791e-05 0.0 89.3471979741 -0.4727 100.161277267   
3.22199252041e-08 0.0 0.0579606407887 -0.374033333333 100.161277267   
1.45620258791e-05 0.0 89.3471979741 -0.601833333333 84.1169673   
3.22199252041e-08 0.0 0.0579606407887 -0.00496666666667 84.1169673   
1.45620258791e-05 0.0 89.3471979741 -0.251833333333 23.8396326253   
3.22199252041e-08 0.0 0.0579606407887 0.129966666667 23.8396326253   
1.45620258791e-05 0.0 89.3471979741 -0.0919666666667 6.68388531419   
3.22199252041e-08 0.0 0.0579606407887 -0.0708333333333 6.68388531419   
1.45620258791e-05 4.65661287308e-10 89.3471979741 -0.0389 2.31029556783   
3.22199252041e-08 0.0 0.0579606407887 -0.0125666666667 2.31029556783   
CALCULATING MATRIX.........n23


finished process
##############################


MATRIX PERMUTATION.....n2

 
MATRIX PERMUTATION.....n3

 
finished process
##############################


MODES.....n2

 
MODES.....n3

 
finished process
##############################


MODES.....n2

 
MODES.....n3

 
finished process 




