

RMS_L1= 0.000408473165988
RMS_L2= 0.00361342552347

RMS_L1= 0.00024866159857
RMS_L2= 0.00244933755109
0.0408473165988 3.09968303593e-05 2918.87475359 -0.421321073333 511.967811497   
0.0361342552347 0.0715946970239 0.529236714241 0.47758846 511.967811497   
0.0408473165988 3.21232160452e-05 2918.87475359 -0.563542233333 421.227069301   
0.0361342552347 0.0635661944794 0.529236714241 0.435292093333 421.227069301   
0.0408473165988 4.10406966262e-06 2918.87475359 -0.448366453333 240.886674799   
0.0361342552347 0.0593958784663 0.529236714241 -0.0948278066667 240.886674799   
0.0408473165988 3.20481413315e-05 2918.87475359 -0.510075833333 203.125104011   
0.0361342552347 0.0308941499962 0.529236714241 -0.6263599 203.125104011   
0.0408473165988 0.0 2918.87475359 -0.196233333333 57.7601286096   
0.0361342552347 0.0451642388671 0.529236714241 -0.366593366667 57.7601286096   
0.0408473165988 9.31322574615e-10 2918.87475359 -0.0683 16.1363083935   
0.0361342552347 0.0212409760409 0.529236714241 -0.164127526667 16.1363083935   
0.0408473165988 6.66633370462e-07 2918.87475359 -0.0231000066667 4.59416712293   
0.0361342552347 0.0110128405054 0.529236714241 -0.0593417133333 4.59416712293   
0.024866159857 6.62679942891e-05 443.671201688 -0.28555986 511.967811497   
0.0244933755109 0.104175005592 0.152168673906 0.884626160211 511.967811497   
0.024866159857 5.95067788207e-05 443.671201688 -0.5064281 421.227069301   
0.0244933755109 0.1201548592 0.152168673906 -0.238495676108 421.227069301   
0.024866159857 4.9654708112e-05 443.671201688 -0.472074566667 240.886674799   
0.0244933755109 0.137304054152 0.152168673906 0.115174780636 240.886674799   
0.024866159857 4.74871859256e-05 443.671201688 -0.604033053333 203.125104011   
0.0244933755109 0.103620219996 0.152168673906 -0.288484345911 203.125104011   
0.024866159857 3.4011125164e-05 443.671201688 -0.254208826667 57.7601286096   
0.0244933755109 0.073955876983 0.152168673906 -0.0405820004671 57.7601286096   
0.024866159857 6.65384102687e-06 443.671201688 -0.0927662533333 16.1363083935   
0.0244933755109 0.0351124936353 0.152168673906 -0.0101320955527 16.1363083935   
0.024866159857 0.0 443.671201688 -0.0323666666667 4.59416712293   
0.0244933755109 0.0166355542387 0.152168673906 -0.0214614252828 4.59416712293   
CALCULATING MATRIX.........n23


finished process
##############################


MATRIX PERMUTATION.....n2

 
MATRIX PERMUTATION.....n3

 
finished process
##############################


MODES.....n2

 
MODES.....n3

 
finished process
##############################


MODES.....n2

 
MODES.....n3

 
finished process 




