

RMS_L1= 0.000588629157296
RMS_L2= 0.0048458967762

RMS_L1= 0.00038395903907
RMS_L2= 0.00505884678478
0.0588629157296 2.91841648146e-05 3719.36793729 0.419949466667 742.049793797   
0.048458967762 0.0793484185342 0.484173939366 -0.29631590159 742.049793797   
0.0588629157296 1.7628251611e-05 3719.36793729 0.562038313333 612.210750342   
0.048458967762 0.0639338357107 0.484173939366 -0.549373814048 612.210750342   
0.0588629157296 1.28319688662e-05 3719.36793729 0.448430793333 351.207078161   
0.048458967762 0.0686953952012 0.484173939366 0.0850532086542 351.207078161   
0.0588629157296 2.02552142398e-05 3719.36793729 0.51209314 297.213009073   
0.048458967762 0.0450916768016 0.484173939366 0.559268810214 297.213009073   
0.0588629157296 6.66634427611e-07 3719.36793729 0.197833326667 84.854000432   
0.048458967762 0.06581012658 0.484173939366 0.472510807747 84.854000432   
0.0588629157296 0.0 3719.36793729 0.0691 23.7679415503   
0.048458967762 0.0351694850586 0.484173939366 0.205965859919 23.7679415503   
0.0588629157296 0.0 3719.36793729 0.0231 6.66392330469   
0.048458967762 0.0141141411201 0.484173939366 0.042167613428 6.66392330469   
0.038395903907 5.58286518799e-05 814.174515223 -0.285539626667 742.049793797   
0.0505884678478 0.299296877098 0.233722703553 0.407495323905 742.049793797   
0.038395903907 5.10628268517e-05 814.174515223 -0.5041341 612.210750342   
0.0505884678478 0.205312185483 0.233722703553 -0.608984671533 612.210750342   
0.038395903907 4.31847580389e-05 814.174515223 -0.4712421 351.207078161   
0.0505884678478 0.260872404407 0.233722703553 0.187983432178 351.207078161   
0.038395903907 4.14222786024e-05 814.174515223 -0.605604186667 297.213009073   
0.0505884678478 0.222272341287 0.233722703553 0.276641514599 297.213009073   
0.038395903907 2.34015374211e-05 814.174515223 -0.25616606 84.854000432   
0.0505884678478 0.198143816824 0.233722703553 -0.231307671837 84.854000432   
0.038395903907 1.48688713066e-05 814.174515223 -0.0939035 23.7679415503   
0.0505884678478 0.0631143538646 0.233722703553 -0.0647157238443 23.7679415503   
0.038395903907 7.86022052661e-06 814.174515223 -0.0323676066667 6.66392330469   
0.0505884678478 0.0327574087517 0.233722703553 -0.00418854927007 6.66392330469   
CALCULATING MATRIX.........n23


finished process
##############################


MATRIX PERMUTATION.....n2

 
MATRIX PERMUTATION.....n3

 
finished process
##############################


MODES.....n2

 
MODES.....n3

 
finished process
##############################


MODES.....n2

 
MODES.....n3

 
finished process 




