

RMS_L1= 0.00015986592432
RMS_L2= 0.000767357959816

RMS_L1= 9.98824445788e-05
RMS_L2= 0.00096071422903
0.015986592432 1.71802448311e-05 893.768443189 -0.42343094 214.581236417   
0.00767357959816 0.331209802962 0.271470813361 -0.2478964 214.581236417   
0.015986592432 2.73250721409e-05 893.768443189 -0.56535254 175.863836717   
0.00767357959816 0.403041664562 0.271470813361 -0.23207502 175.863836717   
0.015986592432 1.94545331315e-05 893.768443189 -0.448160433333 100.161277267   
0.00767357959816 0.301277143872 0.271470813361 0.00960645333333 100.161277267   
0.015986592432 3.01637121232e-05 893.768443189 -0.507214186667 84.1169673   
0.00767357959816 0.204581861075 0.271470813361 0.2924357 84.1169673   
0.015986592432 2.61375769334e-05 893.768443189 -0.19404598 23.8396326253   
0.00767357959816 0.224038898206 0.271470813361 0.30242098 23.8396326253   
0.015986592432 9.31322574615e-10 893.768443189 -0.0675666666667 6.68388531419   
0.00767357959816 0.167025472407 0.271470813361 0.23108436 6.68388531419   
0.015986592432 6.56724532098e-06 893.768443189 -0.0276339866667 2.31029556783   
0.00767357959816 0.244867074903 0.271470813361 0.333773186667 2.31029556783   
0.00998824445788 0.000128245097106 89.3471148583 -0.286575553333 214.581236417   
0.0096071422903 0.0734338273084 0.0600920302123 -0.628453046667 214.581236417   
0.00998824445788 0.000113739562884 89.3471148583 -0.508735026667 175.863836717   
0.0096071422903 0.0499917868316 0.0600920302123 0.652501353333 175.863836717   
0.00998824445788 9.28932937419e-05 89.3471148583 -0.47271798 100.161277267   
0.0096071422903 0.0771534958801 0.0600920302123 -0.36950644 100.161277267   
0.00998824445788 8.64045335175e-05 89.3471148583 -0.601820913333 84.1169673   
0.0096071422903 0.0612128233104 0.0600920302123 -0.00444524666667 84.1169673   
0.00998824445788 5.40407744807e-05 89.3471148583 -0.251862393333 23.8396326253   
0.0096071422903 0.0501519781502 0.0600920302123 0.12909466 23.8396326253   
0.00998824445788 3.438301322e-05 89.3471148583 -0.09199578 6.68388531419   
0.0096071422903 0.0253182243122 0.0600920302123 -0.0709631533333 6.68388531419   
0.00998824445788 2.89327426897e-05 89.3471148583 -0.0389167533333 2.31029556783   
0.0096071422903 0.0113903559698 0.0600920302123 -0.01248814 2.31029556783   
CALCULATING MATRIX.........n23


finished process
##############################


MATRIX PERMUTATION.....n2

 
MATRIX PERMUTATION.....n3

 
finished process
##############################


MODES.....n2

 
MODES.....n3

 
finished process
##############################


MODES.....n2

 
MODES.....n3

 
finished process 




