

RMS_L1= 0.000701480943831
RMS_L2= 0.00733645256872

RMS_L1= 0.000528469005904
RMS_L2= 0.00901491332866
0.0701480943831 3.59072880422e-05 2391.8434411 -0.417935333333 1054.67085589   
0.0733645256872 0.256103825442 0.473641552542 -0.323457778893 1054.67085589   
0.0701480943831 3.0701890891e-05 2391.8434411 -0.559837053333 874.685519826   
0.0733645256872 0.240392178644 0.473641552542 -0.511310730891 874.685519826   
0.0701480943831 3.35515196985e-05 2391.8434411 -0.44832938 504.930114499   
0.0733645256872 0.217600577294 0.473641552542 0.585121756147 504.930114499   
0.0701480943831 2.93144644011e-05 2391.8434411 -0.515019533333 430.703624579   
0.0733645256872 0.167030300179 0.473641552542 0.2737489714 430.703624579   
0.0701480943831 2.47333299811e-05 2391.8434411 -0.200377653333 124.244327028   
0.0733645256872 0.0887555155014 0.473641552542 0.0863477805653 124.244327028   
0.0701480943831 1.1821590481e-05 2391.8434411 -0.0704311666667 35.1179564846   
0.0733645256872 0.0470786377835 0.473641552542 0.0108909081786 35.1179564846   
0.0701480943831 1.08249896093e-05 2391.8434411 -0.0235684733333 9.88933938496   
0.0733645256872 0.0181798410544 0.473641552542 0.0022638200368 9.88933938496   
0.0528469005904 5.7190270834e-05 1110.57973667 -0.284172473333 1054.67085589   
0.0901491332866 0.528978002512 0.369926744325 -0.157003639039 1054.67085589   
0.0528469005904 5.15669904852e-05 1110.57973667 -0.5007823 874.685519826   
0.0901491332866 0.365554832767 0.369926744325 -0.49143631681 874.685519826   
0.0528469005904 4.40136227157e-05 1110.57973667 -0.46978688 504.930114499   
0.0901491332866 0.277007164156 0.369926744325 0.391889430731 504.930114499   
0.0528469005904 4.16756662202e-05 1110.57973667 -0.6081945 430.703624579   
0.0901491332866 0.149928513535 0.369926744325 0.178443126631 430.703624579   
0.0528469005904 2.9806579392e-05 1110.57973667 -0.259782173333 124.244327028   
0.0901491332866 0.152130628433 0.369926744325 -0.0173223292528 124.244327028   
0.0528469005904 1.77727631162e-05 1110.57973667 -0.0962384666667 35.1179564846   
0.0901491332866 0.0535062038071 0.369926744325 0.0478125158874 35.1179564846   
0.0528469005904 2.45572700227e-05 1110.57973667 -0.0333107933333 9.88933938496   
0.0901491332866 0.0592804314534 0.369926744325 -0.0604526322831 9.88933938496   
CALCULATING MATRIX.........n23


finished process
##############################


MATRIX PERMUTATION.....n2

 
MATRIX PERMUTATION.....n3

 
finished process
##############################


MODES.....n2

 
MODES.....n3

 
finished process
##############################


MODES.....n2

 
MODES.....n3

 
finished process 




