

RMS_L1= 8.45027811098e-05
RMS_L2= 8.18681893438e-05

RMS_L1= 5.63279092205e-05
RMS_L2= 0.000936379983676
0.00845027811098 2.63702162012e-05 359.473324247 -0.423963053333 123.821276979   
0.000818681893438 0.102210796576 0.259510568502 0.106868346667 123.821276979   
0.00845027811098 2.46139963346e-05 359.473324247 -0.56576134 101.319474706   
0.000818681893438 0.0900050972666 0.259510568502 0.15213504 101.319474706   
0.00845027811098 3.17445331256e-05 359.473324247 -0.44781068 57.6188900327   
0.000818681893438 0.0219963924435 0.259510568502 0.0556272666667 57.6188900327   
0.00845027811098 2.30744084139e-05 359.473324247 -0.506041793333 48.3263291678   
0.000818681893438 0.025125264674 0.259510568502 -0.111587946667 48.3263291678   
0.00845027811098 3.22817347423e-05 359.473324247 -0.193325026667 13.6880139542   
0.000818681893438 0.0293430548952 0.259510568502 -0.199418846667 13.6880139542   
0.00845027811098 0.0 359.473324247 -0.0697666666667 3.9833870986   
0.000818681893438 0.0637036842679 0.259510568502 -0.454465706667 3.9833870986   
0.00845027811098 2.97102384153e-05 359.473324247 -0.0362151133333 1.74808143052   
0.000818681893438 0.111751331676 0.259510568502 -0.816400553333 1.74808143052   
0.00563279092205 0.00021167971777 31.202994157 0.28761952 123.821276979   
0.00936379983676 0.218093376555 0.0889850460836 0.786048004401 123.821276979   
0.00563279092205 0.000183003745647 31.202994157 0.508531893333 101.319474706   
0.00936379983676 0.146444590112 0.0889850460836 0.0684944450002 101.319474706   
0.00563279092205 0.000147571385483 31.202994157 0.472394706667 57.6188900327   
0.00936379983676 0.230123825852 0.0889850460836 0.000544926811377 57.6188900327   
0.00563279092205 0.000137523776132 31.202994157 0.600942953333 48.3263291678   
0.00936379983676 0.265359717988 0.0889850460836 -0.322111036644 48.3263291678   
0.00563279092205 8.46718399735e-05 31.202994157 0.250641553333 13.6880139542   
0.00936379983676 0.129043755633 0.0889850460836 -0.2262898903 13.6880139542   
0.00563279092205 4.65373441646e-05 31.202994157 0.09483734 3.9833870986   
0.00936379983676 0.0437719911994 0.0889850460836 -0.0968431296055 3.9833870986   
0.00563279092205 3.86148934915e-05 31.202994157 0.0506616333333 1.74808143052   
0.00936379983676 0.0318423029711 0.0889850460836 -0.0336139208429 1.74808143052   
CALCULATING MATRIX.........n23


finished process
##############################


MATRIX PERMUTATION.....n2

 
MATRIX PERMUTATION.....n3

 
finished process
##############################


MODES.....n2

 
MODES.....n3

 
finished process
##############################


MODES.....n2

 
MODES.....n3

 
finished process 




