

MEAN_L1= 2.02141355671e-05
MEAN_L2= 0.000256403520306

MEAN_L1= 1.6675616257e-05
MEAN_L2= 0.000211270465947
0.00202141355671 0.000144219228034 1462.81023231 -0.41717926 1150.43200947   
0.00256403520306 0.242957338752 1.00632720558 0.669086063643 1150.43200947   
0.00202141355671 0.000128718275232 1462.81023231 -0.55838418 956.103343298   
0.00256403520306 0.409609660412 1.00632720558 -0.219746528759 956.103343298   
0.00202141355671 0.00011013938687 1462.81023231 -0.448365733333 553.326947068   
0.00256403520306 0.260073053033 1.00632720558 -0.244282534584 553.326947068   
0.00202141355671 0.000107041142316 1462.81023231 -0.516459613333 473.540993367   
0.00256403520306 0.346998222209 1.00632720558 -0.0500348751553 473.540993367   
0.00202141355671 6.0691853837e-05 1462.81023231 -0.2018819 137.217170056   
0.00256403520306 0.110155477623 1.00632720558 -0.104804158636 137.217170056   
0.00202141355671 3.53744138765e-05 1462.81023231 -0.0712617466667 38.9419336818   
0.00256403520306 0.049658506742 1.00632720558 -0.00619216668808 38.9419336818   
0.00202141355671 2.16718957772e-05 1462.81023231 -0.0239080066667 11.0075137751   
0.00256403520306 0.0298112010293 1.00632720558 0.0221866675232 11.0075137751   
0.0016675616257 0.000173710583809 1079.02214025 -0.283652253333 1150.43200947   
0.00211270465947 0.372198468794 0.451986590502 -0.497788336294 1150.43200947   
0.0016675616257 0.000156421877128 1079.02214025 -0.49944536 956.103343298   
0.00211270465947 0.373598957571 0.451986590502 -0.125858966322 956.103343298   
0.0016675616257 0.000128434304813 1079.02214025 -0.46885754 553.326947068   
0.00211270465947 0.274694880624 0.451986590502 -0.165233396023 553.326947068   
0.0016675616257 0.0001206186836 1079.02214025 -0.60937424 473.540993367   
0.00211270465947 0.324882877637 0.451986590502 0.461238843033 473.540993367   
0.0016675616257 7.51791267568e-05 1079.02214025 -0.2613839 137.217170056   
0.00211270465947 0.143054769979 0.451986590502 0.00724247205099 137.217170056   
0.0016675616257 4.06904848547e-05 1079.02214025 -0.0972672 38.9419336818   
0.00211270465947 0.122094861304 0.451986590502 -0.0134552397869 38.9419336818   
0.0016675616257 1.7170434539e-05 1079.02214025 -0.03389728 11.0075137751   
0.00211270465947 0.0398783036799 0.451986590502 -0.00364284122175 11.0075137751   
CALCULATING MATRIX.........n23


finished process
##############################


MATRIX PERMUTATION.....n2

 
MATRIX PERMUTATION.....n3

 
finished process
##############################


MODES.....n2

 
MODES.....n3

 
finished process
##############################


MODES.....n2

 
MODES.....n3

 
finished process 




