

MEAN_L1= 1.66299131167e-05
MEAN_L2= 0.000136912625856

MEAN_L1= 1.11292208108e-05
MEAN_L2= 0.000115324965508
0.00166299131167 4.8322029548e-05 3718.79042705 0.41995948 742.077702183   
0.00136912625856 0.274649674859 0.412499395573 0.627588236602 742.077702183   
0.00166299131167 4.61251315995e-05 3718.79042705 0.562038833333 612.2196124   
0.00136912625856 0.337120309056 0.412499395573 -0.0992403231784 612.2196124   
0.00166299131167 4.05731711642e-05 3718.79042705 0.448396866667 351.209417652   
0.00136912625856 0.344551684421 0.412499395573 -0.200173486028 351.209417652   
0.00166299131167 4.03460586277e-05 3718.79042705 0.512085326667 297.209880909   
0.00136912625856 0.297807708092 0.412499395573 -0.257669438885 297.209880909   
0.00166299131167 2.8588728234e-05 3718.79042705 0.19784932 84.8579171632   
0.00136912625856 0.221719354729 0.412499395573 0.105830709362 84.8579171632   
0.00166299131167 7.10797671023e-06 3718.79042705 0.0691007666667 23.7692517745   
0.00136912625856 0.141331264248 0.412499395573 -0.0961810466237 23.7692517745   
0.00166299131167 5.55817716125e-06 3718.79042705 0.0230995333333 6.66237516172   
0.00136912625856 0.0591215879082 0.412499395573 -0.0158938551627 6.66237516172   
0.00111292208108 0.000151947709012 814.334750658 -0.28526402 742.077702183   
0.00115324965508 0.17960482168 0.295351587816 0.84426998237 742.077702183   
0.00111292208108 0.000137668757764 814.334750658 -0.504179253333 612.2196124   
0.00115324965508 0.234654197962 0.295351587816 -0.0651226674803 612.2196124   
0.00111292208108 0.000113354107615 814.334750658 -0.471338806667 351.209417652   
0.00115324965508 0.187900382002 0.295351587816 -0.22527780716 351.209417652   
0.00111292208108 0.000107496253636 814.334750658 -0.605715666667 297.209880909   
0.00115324965508 0.179893165652 0.295351587816 -0.0983492609167 297.209880909   
0.00111292208108 6.56649743764e-05 814.334750658 -0.255932333333 84.8579171632   
0.00115324965508 0.123616837814 0.295351587816 -0.122534703011 84.8579171632   
0.00111292208108 3.63952036175e-05 814.334750658 -0.09395344 23.7692517745   
0.00115324965508 0.0895268140759 0.295351587816 -0.142461737185 23.7692517745   
0.00111292208108 1.50800987183e-05 814.334750658 -0.0323698866667 6.66237516172   
0.00115324965508 0.0548188611445 0.295351587816 0.0770975522105 6.66237516172   
CALCULATING MATRIX.........n23


finished process
##############################


MATRIX PERMUTATION.....n2

 
MATRIX PERMUTATION.....n3

 
finished process
##############################


MODES.....n2

 
MODES.....n3

 
finished process
##############################


MODES.....n2

 
MODES.....n3

 
finished process 




