

MEAN_L1= 4.79883639578e-06
MEAN_L2= 1.27205104983e-05

MEAN_L1= 2.98981984219e-06
MEAN_L2= 4.2951897035e-05
0.000479883639578 5.61419120188e-05 892.978913113 0.42322718 214.58254406   
0.000127205104983 0.301266017606 0.252637859997 -0.144699875813 214.58254406   
0.000479883639578 5.24713844547e-05 892.978913113 0.565363126667 175.862584814   
0.000127205104983 0.291617802121 0.252637859997 -0.218518555044 175.862584814   
0.000479883639578 4.59312410435e-05 892.978913113 0.448069433333 100.164111526   
0.000127205104983 0.358407241736 0.252637859997 0.421205573818 100.164111526   
0.000479883639578 4.52818332818e-05 892.978913113 0.50740834 84.1176468323   
0.000127205104983 0.237880000343 0.252637859997 0.0113193439988 84.1176468323   
0.000479883639578 2.66089167482e-05 892.978913113 0.194109566667 23.8371826208   
0.000127205104983 0.199598796206 0.252637859997 -0.0780586821536 23.8371826208   
0.000479883639578 2.66916341481e-05 892.978913113 0.0675800333333 6.68461301455   
0.000127205104983 0.21774394939 0.252637859997 0.0857817371612 6.68461301455   
0.000479883639578 6.76324708736e-06 892.978913113 0.0276993066667 2.3101229854   
0.000127205104983 0.540437269237 0.252637859997 -0.0121726276572 2.3101229854   
0.000298981984219 0.00038553984774 89.3349672595 -0.286593273333 214.58254406   
0.00042951897035 0.369417329169 0.134762112387 0.170480658767 214.58254406   
0.000298981984219 0.000338447180617 89.3349672595 -0.50909406 175.862584814   
0.00042951897035 0.233719937544 0.134762112387 -0.633886911696 175.862584814   
0.000298981984219 0.000277265837612 89.3349672595 -0.472822253333 100.164111526   
0.00042951897035 0.17723690213 0.134762112387 0.131179667939 100.164111526   
0.000298981984219 0.00025726870013 89.3349672595 -0.60163044 84.1176468323   
0.00042951897035 0.260765211208 0.134762112387 0.427837591216 84.1176468323   
0.000298981984219 0.000154005834138 89.3349672595 -0.251428913333 23.8371826208   
0.00042951897035 0.190411545149 0.134762112387 -0.182016382138 23.8371826208   
0.000298981984219 7.82707526198e-05 89.3349672595 -0.0918716466667 6.68461301455   
0.00042951897035 0.0814031461437 0.134762112387 -0.002858786905 6.68461301455   
0.000298981984219 5.03494804152e-05 89.3349672595 -0.0388489266667 2.3101229854   
0.00042951897035 0.0470657631791 0.134762112387 0.0113491798889 2.3101229854   
CALCULATING MATRIX.........n23


finished process
##############################


MATRIX PERMUTATION.....n2

 
MATRIX PERMUTATION.....n3

 
finished process
##############################


MODES.....n2

 
MODES.....n3

 
finished process
##############################


MODES.....n2

 
MODES.....n3

 
finished process 




