

MEAN_L1= 1.82249553564e-05
MEAN_L2= 0.00022323204157

MEAN_L1= 1.61938324567e-05
MEAN_L2= 0.000225649228603
0.00182249553564 0.012003375438 16.0293726297 0.385680373333 1237.16207707   
0.0022323204157 0.217579651202 0.434016253663 0.64019762435 1237.16207707   
0.00182249553564 0.0108908514104 16.0293726297 0.543041686667 1037.04549235   
0.0022323204157 0.277871810953 0.434016253663 0.253375568604 1037.04549235   
0.00182249553564 0.00868226553621 16.0293726297 0.460383853333 606.441256069   
0.0022323204157 0.213355129546 0.434016253663 -0.470684700007 606.441256069   
0.00182249553564 0.00827262073827 16.0293726297 0.540725093333 526.417643106   
0.0022323204157 0.191603495439 0.434016253663 -0.270099763785 526.417643106   
0.00182249553564 0.00492605654224 16.0293726297 0.211615313333 155.608583621   
0.0022323204157 0.0976110721244 0.434016253663 -0.0874086184788 155.608583621   
0.00182249553564 0.00254377922556 16.0293726297 0.0781707933333 45.0005815731   
0.0022323204157 0.0664589295004 0.434016253663 -0.0191382533576 45.0005815731   
0.00182249553564 0.00130041358747 16.0293726297 0.0262451866667 12.9449165892   
0.0022323204157 0.0306657042563 0.434016253663 -0.0420976513464 12.9449165892   
0.00161938324567 0.000649170235385 286.314317192 -0.280978786667 1237.16207707   
0.00225649228603 0.53639017249 0.693715313074 0.215514322536 1237.16207707   
0.00161938324567 0.000583054785933 286.314317192 -0.494600073333 1037.04549235   
0.00225649228603 0.377182457889 0.693715313074 0.481762041101 1037.04549235   
0.00161938324567 0.000471128315773 286.314317192 -0.465493826667 606.441256069   
0.00225649228603 0.248082946697 0.693715313074 -0.216310205503 606.441256069   
0.00161938324567 0.00042730333728 286.314317192 -0.613052326667 526.417643106   
0.00225649228603 0.239961086096 0.693715313074 -0.290171487287 526.417643106   
0.00161938324567 0.000274855336827 286.314317192 -0.26859596 155.608583621   
0.00225649228603 0.152758876255 0.693715313074 -0.0609256008359 155.608583621   
0.00161938324567 0.000139917946741 286.314317192 -0.10217352 45.0005815731   
0.00225649228603 0.0876182350716 0.693715313074 -0.0201908394288 45.0005815731   
0.00161938324567 7.36316646838e-05 286.314317192 -0.0363183466667 12.9449165892   
0.00225649228603 0.0609319791356 0.693715313074 -0.0501707140369 12.9449165892   
CALCULATING MATRIX.........n23


finished process
##############################


MATRIX PERMUTATION.....n2

 
MATRIX PERMUTATION.....n3

 
finished process
##############################


MODES.....n2

 
MODES.....n3

 
finished process
##############################


MODES.....n2

 
MODES.....n3

 
finished process 




