

MEAN_L1= 2.58089244088e-06
MEAN_L2= 2.33014363935e-06

MEAN_L1= 1.68057322537e-06
MEAN_L2= 3.17095549795e-05
0.000258089244088 7.37990595321e-05 359.548940844 -0.4239209 123.817504633   
2.33014363935e-05 0.274589262923 0.257636198254 -0.55542661597 123.817504633   
0.000258089244088 6.72792003022e-05 359.548940844 -0.565685773333 101.315984608   
2.33014363935e-05 0.227866034562 0.257636198254 0.26227131887 101.315984608   
0.000258089244088 5.84307186356e-05 359.548940844 -0.447896046667 57.6180481881   
2.33014363935e-05 0.307583168019 0.257636198254 0.354367315291 57.6180481881   
0.000258089244088 5.72520720485e-05 359.548940844 -0.506121653333 48.3217295978   
2.33014363935e-05 0.171284884784 0.257636198254 -0.212131752777 48.3217295978   
0.000258089244088 3.46083349383e-05 359.548940844 -0.193251073333 13.686616874   
2.33014363935e-05 0.164811588356 0.257636198254 0.177683672556 13.686616874   
0.000258089244088 3.30582778487e-05 359.548940844 -0.06972906 3.9828031213   
2.33014363935e-05 0.144031398906 0.257636198254 0.0143674196675 3.9828031213   
0.000258089244088 7.16879351032e-06 359.548940844 -0.0362325533333 1.74824427787   
2.33014363935e-05 0.347946933864 0.257636198254 0.010870550958 1.74824427787   
0.000168057322537 0.000629511108263 31.2366530406 -0.28710368 123.817504633   
0.000317095549795 0.35322428544 0.0994476115224 0.664319839382 123.817504633   
0.000168057322537 0.000537588205952 31.2366530406 -0.50795564 101.315984608   
0.000317095549795 0.266648277339 0.0994476115224 -0.116125305897 101.315984608   
0.000168057322537 0.000440685681495 31.2366530406 -0.472670513333 57.6180481881   
0.000317095549795 0.276069731465 0.0994476115224 -0.163481808155 57.6180481881   
0.000168057322537 0.00041220934676 31.2366530406 -0.601396486667 48.3217295978   
0.000317095549795 0.382699319246 0.0994476115224 -0.0857482335505 48.3217295978   
0.000168057322537 0.00024459824428 31.2366530406 -0.250727433333 13.686616874   
0.000317095549795 0.239357413923 0.0994476115224 -0.0211586013167 13.686616874   
0.000168057322537 0.000129255694731 31.2366530406 -0.0949854066667 3.9828031213   
0.000317095549795 0.115556365988 0.0994476115224 -0.0225319718747 3.9828031213   
0.000168057322537 0.000100221890714 31.2366530406 -0.0506941866667 1.74824427787   
0.000317095549795 0.114514086354 0.0994476115224 0.0886507600041 1.74824427787   
CALCULATING MATRIX.........n23


finished process
##############################


MATRIX PERMUTATION.....n2

 
MATRIX PERMUTATION.....n3

 
finished process
##############################


MODES.....n2

 
MODES.....n3

 
finished process
##############################


MODES.....n2

 
MODES.....n3

 
finished process 




