

MEAN_L1= 8.0497121195e-06
MEAN_L2= 7.03893357025e-05

MEAN_L1= 4.87148452714e-06
MEAN_L2= 5.08799871541e-05
0.00080497121195 4.78621800725e-05 1784.73977475 -0.422411386667 341.213134428   
0.000703893357025 0.506090688739 0.501703282171 -0.264898779878 341.213134428   
0.00080497121195 4.50781461363e-05 1784.73977475 -0.564594926667 280.149347074   
0.000703893357025 0.426003656677 0.501703282171 -0.344885411875 280.149347074   
0.00080497121195 4.01361144734e-05 1784.73977475 -0.448403493333 159.847129565   
0.000703893357025 0.156631235993 0.501703282171 0.142158179151 159.847129565   
0.00080497121195 4.01005565285e-05 1784.73977475 -0.50846758 134.46703121   
0.000703893357025 0.252512359615 0.501703282171 0.368370007001 134.46703121   
0.00080497121195 2.52258903847e-05 1784.73977475 -0.194977766667 38.1531690314   
0.000703893357025 0.212340766908 0.501703282171 0.24461053772 38.1531690314   
0.00080497121195 2.97844108735e-06 1784.73977475 -0.0677665333333 10.6536166639   
0.000703893357025 0.0976560651633 0.501703282171 0.0975787212055 10.6536166639   
0.00080497121195 0.0 1784.73977475 -0.0242333333333 3.21097589695   
0.000703893357025 0.0488518519182 0.501703282171 0.0520311597826 3.21097589695   
0.000487148452714 0.000259262869604 213.366327187 -0.28640734 341.213134428   
0.000508799871541 0.332873197337 0.128556835985 0.155752760062 341.213134428   
0.000487148452714 0.000228086316634 213.366327187 -0.507166233333 280.149347074   
0.000508799871541 0.199299866684 0.128556835985 -0.589012741001 280.149347074   
0.000487148452714 0.000185191114773 213.366327187 -0.472663953333 159.847129565   
0.000508799871541 0.233601132554 0.128556835985 0.581731449307 159.847129565   
0.000487148452714 0.000174028918066 213.366327187 -0.603212226667 134.46703121   
0.000508799871541 0.205217024919 0.128556835985 -0.0961170955209 134.46703121   
0.000487148452714 0.000105564809026 213.366327187 -0.252646933333 38.1531690314   
0.000508799871541 0.105267726217 0.128556835985 0.134826742907 38.1531690314   
0.000487148452714 5.45044080162e-05 213.366327187 -0.0921483866667 10.6536166639   
0.000508799871541 0.0545890336148 0.128556835985 0.0344088409941 10.6536166639   
0.000487148452714 3.32028854135e-05 213.366327187 -0.03398322 3.21097589695   
0.000508799871541 0.0226567737394 0.128556835985 -0.0031681988124 3.21097589695   
CALCULATING MATRIX.........n23


finished process
##############################


MATRIX PERMUTATION.....n2

 
MATRIX PERMUTATION.....n3

 
finished process
##############################


MODES.....n2

 
MODES.....n3

 
finished process
##############################


MODES.....n2

 
MODES.....n3

 
finished process 




