

MEAN_L1= 1.22785170101e-05
MEAN_L2= 0.000117523048774

MEAN_L1= 7.41196963197e-06
MEAN_L2= 6.1730151033e-05
0.00122785170101 4.52590579318e-05 2919.37169181 -0.421336093333 511.941112968   
0.00117523048774 0.21092552249 0.67039974716 0.356900810557 511.941112968   
0.00122785170101 4.28156234301e-05 2919.37169181 -0.563581653333 421.204964359   
0.00117523048774 0.176449208335 0.67039974716 0.50868857851 421.204964359   
0.00122785170101 3.79991293797e-05 2919.37169181 -0.44837878 240.864403849   
0.00117523048774 0.199979083629 0.67039974716 -0.216865876206 240.864403849   
0.00122785170101 3.8165939273e-05 2919.37169181 -0.510012833333 203.115068206   
0.00117523048774 0.174090148322 0.67039974716 -0.522979226956 203.115068206   
0.00122785170101 3.10803625248e-05 2919.37169181 -0.196212046667 57.7573888769   
0.00117523048774 0.13305200137 0.67039974716 -0.321175790461 57.7573888769   
0.00122785170101 1.23694084487e-05 2919.37169181 -0.06829762 16.1346672078   
0.00117523048774 0.0681562786768 0.67039974716 -0.142630660504 16.1346672078   
0.00122785170101 1.62214891796e-05 2919.37169181 -0.0231042133333 4.59363945967   
0.00117523048774 0.0364729259937 0.67039974716 -0.0148634579314 4.59363945967   
0.000741196963197 0.000190026887014 443.489953689 -0.286000066667 511.941112968   
0.00061730151033 0.205626770208 0.171434305191 -0.496918186693 511.941112968   
0.000741196963197 0.000168234920762 443.489953689 -0.505625106667 421.204964359   
0.00061730151033 0.160298547802 0.171434305191 -0.590269867605 421.204964359   
0.000741196963197 0.000139559032653 443.489953689 -0.47225874 240.864403849   
0.00061730151033 0.0952477381369 0.171434305191 0.366039400034 240.864403849   
0.000741196963197 0.000129910294455 443.489953689 -0.604267906667 203.115068206   
0.00061730151033 0.093034372079 0.171434305191 0.400931915535 203.115068206   
0.000741196963197 8.0325425894e-05 443.489953689 -0.25434948 57.7573888769   
0.00061730151033 0.082408523905 0.171434305191 0.0578896631473 57.7573888769   
0.000741196963197 4.28236689756e-05 443.489953689 -0.0929483266667 16.1346672078   
0.00061730151033 0.0407877942577 0.171434305191 0.107375991285 16.1346672078   
0.000741196963197 3.26639393444e-05 443.489953689 -0.03233998 4.59363945967   
0.00061730151033 0.019536064866 0.171434305191 0.0223702128373 4.59363945967   
CALCULATING MATRIX.........n23


finished process
##############################


MATRIX PERMUTATION.....n2

 
MATRIX PERMUTATION.....n3

 
finished process
##############################


MODES.....n2

 
MODES.....n3

 
finished process
##############################


MODES.....n2

 
MODES.....n3

 
finished process 




