

MEAN_L1= 2.01111593041e-05
MEAN_L2= 0.000108123990259

MEAN_L1= 1.5599120413e-05
MEAN_L2= 0.000192373307747
0.00201111593041 8.75393764324e-05 2391.97179803 -0.417756426667 1054.69796244   
0.00108123990259 0.308925420681 0.314036251525 -0.549397986909 1054.69796244   
0.00201111593041 7.96564924465e-05 2391.97179803 -0.559891246667 874.718263396   
0.00108123990259 0.295664755281 0.314036251525 -0.0101085216747 874.718263396   
0.00201111593041 6.90896323954e-05 2391.97179803 -0.448448313333 504.950038169   
0.00108123990259 0.331067778225 0.314036251525 0.423431192623 504.950038169   
0.00201111593041 6.75310313274e-05 2391.97179803 -0.51506376 430.713993944   
0.00108123990259 0.361078811237 0.314036251525 0.042204944218 430.713993944   
0.00201111593041 3.96979702977e-05 2391.97179803 -0.200263673333 124.249474355   
0.00108123990259 0.251809957859 0.314036251525 0.115559075378 124.249474355   
0.00201111593041 1.68961849758e-05 2391.97179803 -0.0703035066667 35.1150929796   
0.00108123990259 0.0995405745724 0.314036251525 0.0262138693343 35.1150929796   
0.00201111593041 1.76558696583e-05 2391.97179803 -0.0235717266667 9.88968528555   
0.00108123990259 0.0550181913457 0.314036251525 -0.0613457535713 9.88968528555   
0.0015599120413 0.000159069292368 1110.6311709 -0.28349732 1054.69796244   
0.00192373307747 0.453439390297 0.4707347399 -0.340232414877 1054.69796244   
0.0015599120413 0.000140711353299 1110.6311709 -0.501126446667 874.718263396   
0.00192373307747 0.297028293827 0.4707347399 0.514748007943 874.718263396   
0.0015599120413 0.000116665797665 1110.6311709 -0.469844946667 504.950038169   
0.00192373307747 0.323328694017 0.4707347399 -0.120167609946 504.950038169   
0.0015599120413 0.000109711637253 1110.6311709 -0.60816188 430.713993944   
0.00192373307747 0.30639171233 0.4707347399 -0.111781213024 430.713993944   
0.0015599120413 6.87953691488e-05 1110.6311709 -0.25981696 124.249474355   
0.00192373307747 0.225261262102 0.4707347399 -0.122405448678 124.249474355   
0.0015599120413 3.7885197327e-05 1110.6311709 -0.0962699733333 35.1150929796   
0.00192373307747 0.169636663066 0.4707347399 -0.0513488933019 35.1150929796   
0.0015599120413 1.16959328115e-05 1110.6311709 -0.0333669733333 9.88968528555   
0.00192373307747 0.0534357149133 0.4707347399 -0.00977325307186 9.88968528555   
CALCULATING MATRIX.........n23


finished process
##############################


MATRIX PERMUTATION.....n2

 
MATRIX PERMUTATION.....n3

 
finished process
##############################


MODES.....n2

 
MODES.....n3

 
finished process
##############################


MODES.....n2

 
MODES.....n3

 
finished process 




