

RMS_L1= 0.000113355224281
RMS_L2= 0.000527836844511

RMS_L1= 7.67722257179e-05
RMS_L2= 0.00113176213352
0.0113355224281 3.78322747185e-05 362.971794131 -0.422935173333 141.457358588   
0.00527836844511 0.0214583261458 0.331445059069 -0.305464305522 141.457358588   
0.0113355224281 3.57754754366e-05 362.971794131 -0.565194573333 114.350121287   
0.00527836844511 0.017524793972 0.331445059069 -0.343095519761 114.350121287   
0.0113355224281 2.85531853836e-05 362.971794131 -0.4479054 64.571404086   
0.00527836844511 0.0138218457911 0.331445059069 -0.170725067657 64.571404086   
0.0113355224281 3.38484214326e-05 362.971794131 -0.50719634 54.5673281963   
0.00527836844511 0.0 0.331445059069 0.0 54.5673281963   
0.0113355224281 1.022136331e-05 362.971794131 -0.194834813333 16.0885621766   
0.00527836844511 0.0 0.331445059069 0.0 16.0885621766   
0.0113355224281 0.0 362.971794131 -0.0698333333333 4.98660475797   
0.00527836844511 0.0 0.331445059069 0.0 4.98660475797   
0.0113355224281 3.29272253991e-10 362.971794131 -0.0311666666667 2.13816976736   
0.00527836844511 0.0 0.331445059069 0.0 2.13816976736   
0.00767722257179 0.000293729769586 30.3836675844 0.289831653333 141.457358588   
0.0113176213352 0.129206818082 0.0646488818847 -0.36964510275 141.457358588   
0.00767722257179 0.00025335892458 30.3836675844 0.512260526667 114.350121287   
0.0113176213352 0.0563323843101 0.0646488818847 -0.238891926855 114.350121287   
0.00767722257179 0.000204488043612 30.3836675844 0.473114673333 64.571404086   
0.0113176213352 0.0892912748473 0.0646488818847 -0.269951278673 64.571404086   
0.00767722257179 0.000191403129594 30.3836675844 0.59910808 54.5673281963   
0.0113176213352 0.0809257625415 0.0646488818847 -0.099814383291 54.5673281963   
0.00767722257179 0.000118162409954 30.3836675844 0.24713002 16.0885621766   
0.0113176213352 0.100770573077 0.0646488818847 -0.181020452968 16.0885621766   
0.00767722257179 6.40902141857e-05 30.3836675844 0.090604 4.98660475797   
0.0113176213352 0.0737398318077 0.0646488818847 -0.227726571173 4.98660475797   
0.00767722257179 4.68816528919e-05 30.3836675844 0.0391971133333 2.13816976736   
0.0113176213352 0.0770152999602 0.0646488818847 -0.0771197386438 2.13816976736   
CALCULATING MATRIX.........n23


finished process
##############################


MATRIX PERMUTATION.....n2

 
MATRIX PERMUTATION.....n3

 
finished process
##############################


MODES.....n2

 
MODES.....n3

 
finished process
##############################


MODES.....n2

 
MODES.....n3

 
finished process 




