

RMS_L1= 0.000988795233119
RMS_L2= 0.00715883062352

RMS_L1= 0.000767533072506
RMS_L2= 0.00748381578236
0.0988795233119 4.58818177522e-05 2440.11283468 -0.415674073333 1428.56349549   
0.0715883062352 0.063870321814 1.46602965526 0.410730243988 1428.56349549   
0.0988795233119 4.21630561262e-05 2440.11283468 -0.558466433333 1143.48788702   
0.0715883062352 0.0735472195071 1.46602965526 0.0287064105583 1143.48788702   
0.0988795233119 3.68926142058e-05 2440.11283468 -0.44857996 642.630556366   
0.0715883062352 0.0387533274935 1.46602965526 0.342059115884 642.630556366   
0.0988795233119 3.62755563333e-05 2440.11283468 -0.516883886667 546.249609373   
0.0715883062352 0.14844404801 1.46602965526 -0.42430566048 546.249609373   
0.0988795233119 3.27162725954e-05 2440.11283468 -0.20272688 164.097451404   
0.0715883062352 0.0763012240808 1.46602965526 -0.383456058995 164.097451404   
0.0988795233119 1.23694085539e-05 2440.11283468 -0.0722357133333 50.7264792732   
0.0715883062352 0.0272189995992 1.46602965526 -0.318964393321 50.7264792732   
0.0988795233119 1.10741821789e-05 2440.11283468 -0.0248352266667 16.6139333789   
0.0715883062352 0.0196682707524 1.46602965526 -0.206976288052 16.6139333789   
0.0767533072506 8.16369826963e-05 1099.79311756 -0.28433442 1428.56349549   
0.0748381578236 0.0961195522492 0.284489427483 -0.373609790333 1428.56349549   
0.0767533072506 7.23789818645e-05 1099.79311756 -0.500754613333 1143.48788702   
0.0748381578236 0.0685466021217 0.284489427483 -0.39847457269 1143.48788702   
0.0767533072506 6.02356236656e-05 1099.79311756 -0.469858386667 642.630556366   
0.0748381578236 0.0863820767743 0.284489427483 -0.173096105779 642.630556366   
0.0767533072506 5.69789048988e-05 1099.79311756 -0.608361326667 546.249609373   
0.0748381578236 0.121896484544 0.284489427483 -0.203794595117 546.249609373   
0.0767533072506 3.87842719251e-05 1099.79311756 -0.259392773333 164.097451404   
0.0748381578236 0.0720582487928 0.284489427483 -0.12792543601 164.097451404   
0.0767533072506 1.5130071522e-05 1099.79311756 -0.0956990733333 50.7264792732   
0.0748381578236 0.0581627550235 0.284489427483 -0.291235902609 50.7264792732   
0.0767533072506 1.76665408744e-05 1099.79311756 -0.0329616 16.6139333789   
0.0748381578236 0.0320412020113 0.284489427483 -0.150933665999 16.6139333789   
CALCULATING MATRIX.........n23


finished process
##############################


MATRIX PERMUTATION.....n2

 
MATRIX PERMUTATION.....n3

 
finished process
##############################


MODES.....n2

 
MODES.....n3

 
finished process
##############################


MODES.....n2

 
MODES.....n3

 
finished process 




