

RMS_L1= 0.000562821585455
RMS_L2= 0.00392969929808

RMS_L1= 0.000356078811381
RMS_L2= 0.00326015146854
0.0562821585455 3.26448326037e-05 2941.68835376 -0.420007186667 647.964730325   
0.0392969929808 0.0439625528266 0.870801424115 0.419533186512 647.964730325   
0.0562821585455 3.33417344337e-05 2941.68835376 -0.562400573333 519.705992825   
0.0392969929808 0.0392101711424 0.870801424115 0.381210860964 519.705992825   
0.0562821585455 3.3122101362e-05 2941.68835376 -0.448203746667 291.898611025   
0.0392969929808 0.029611178666 0.870801424115 0.0369095771215 291.898611025   
0.0562821585455 3.33107551214e-05 2941.68835376 -0.511598773333 246.748536325   
0.0392969929808 0.0150171845196 0.870801424115 -0.367900999444 246.748536325   
0.0562821585455 1.63250194947e-06 2941.68835376 -0.19810004 73.2913321   
0.0392969929808 0.0183595684844 0.870801424115 -0.341711063994 73.2913321   
0.0562821585455 3.05300951789e-05 2941.68835376 -0.06981338 22.4504275088   
0.0392969929808 0.0172874800285 0.870801424115 -0.310739402248 22.4504275088   
0.0562821585455 1.14274348274e-05 2941.68835376 -0.0237646466667 7.35763326325   
0.0392969929808 0.0125186122205 0.870801424115 -0.225979902329 7.35763326325   
0.0356078811381 9.33958303267e-05 439.66808814 -0.28649912 647.964730325   
0.0326015146854 0.200352437026 0.160073203759 0.108435248311 647.964730325   
0.0356078811381 8.36458536441e-05 439.66808814 -0.506498046667 519.705992825   
0.0326015146854 0.105113336772 0.160073203759 -0.00574899237233 519.705992825   
0.0356078811381 6.81989506426e-05 439.66808814 -0.472002406667 291.898611025   
0.0326015146854 0.0539514523149 0.160073203759 0.0453763303942 291.898611025   
0.0356078811381 6.42939070847e-05 439.66808814 -0.60403034 246.748536325   
0.0326015146854 0.0567739848096 0.160073203759 -0.322392339748 246.748536325   
0.0356078811381 4.23393930266e-05 439.66808814 -0.25345756 73.2913321   
0.0326015146854 0.0789125903682 0.160073203759 -0.186283985396 73.2913321   
0.0356078811381 2.06498587372e-05 439.66808814 -0.0922955 22.4504275088   
0.0326015146854 0.0555326823154 0.160073203759 -0.228086057433 22.4504275088   
0.0356078811381 6.12018518303e-06 439.66808814 -0.0313005666667 7.35763326325   
0.0326015146854 0.0393522345399 0.160073203759 -0.18643981142 7.35763326325   
CALCULATING MATRIX.........n23


finished process
##############################


MATRIX PERMUTATION.....n2

 
MATRIX PERMUTATION.....n3

 
finished process
##############################


MODES.....n2

 
MODES.....n3

 
finished process
##############################


MODES.....n2

 
MODES.....n3

 
finished process 




