

RMS_L1= 0.000950081308063
RMS_L2= 0.00755247831383

RMS_L1= 0.000844782499691
RMS_L2= 0.00722468717359
0.0950081308063 0.00131869560534 79.1782917095 -0.375592873333 1719.07160647   
0.0755247831383 0.045323680927 1.1667925565 0.454556675625 1719.07160647   
0.0950081308063 0.00111802653569 79.1782917095 -0.55045216 1382.79330846   
0.0755247831383 0.038771622268 1.1667925565 0.318294855832 1382.79330846   
0.0950081308063 0.000943532946939 79.1782917095 -0.44877832 782.978700083   
0.0755247831383 0.0540600661285 1.1667925565 0.206004529488 782.978700083   
0.0950081308063 0.000892995396293 79.1782917095 -0.533729666667 673.665422628   
0.0755247831383 0.0202126483347 1.1667925565 0.201532215684 673.665422628   
0.0950081308063 0.000536739283058 79.1782917095 -0.238313426667 205.852629187   
0.0755247831383 0.0186525192787 1.1667925565 0.107349328149 205.852629187   
0.0950081308063 0.000287354996168 79.1782917095 -0.103170553333 64.4225200249   
0.0755247831383 0.0184355165848 1.1667925565 0.0865027518964 64.4225200249   
0.0950081308063 0.000158389403547 79.1782917095 -0.0471205133333 21.1816469105   
0.0755247831383 0.0182281004756 1.1667925565 0.0586570315726 21.1816469105   
0.0844782499691 0.000364979108946 269.982476979 0.287023833333 1719.07160647   
0.0722468717359 0.216218112025 0.517597819 -0.0919801092106 1719.07160647   
0.0844782499691 0.000314896548062 269.982476979 0.49647422 1382.79330846   
0.0722468717359 0.134715418856 0.517597819 0.185842066956 1382.79330846   
0.0844782499691 0.000252119759437 269.982476979 0.466163986667 782.978700083   
0.0722468717359 0.102978102485 0.517597819 -0.184324703865 782.978700083   
0.0844782499691 0.000234064934555 269.982476979 0.611143413333 673.665422628   
0.0722468717359 0.115166515838 0.517597819 0.0316794540256 673.665422628   
0.0844782499691 0.00014960137781 269.982476979 0.264025453333 205.852629187   
0.0722468717359 0.163109439382 0.517597819 0.478679527083 205.852629187   
0.0844782499691 7.90251436797e-05 269.982476979 0.0975872666667 64.4225200249   
0.0722468717359 0.105636624713 0.517597819 0.273827476621 64.4225200249   
0.0844782499691 4.62415512989e-05 269.982476979 0.0330435066667 21.1816469105   
0.0722468717359 0.0801688680254 0.517597819 0.218034284574 21.1816469105   
CALCULATING MATRIX.........n23


finished process
##############################


MATRIX PERMUTATION.....n2

 
MATRIX PERMUTATION.....n3

 
finished process
##############################


MODES.....n2

 
MODES.....n3

 
finished process
##############################


MODES.....n2

 
MODES.....n3

 
finished process 




