

RMS_L1= 0.0010059911967
RMS_L2= 0.009052380529

RMS_L1= 0.000824406241945
RMS_L2= 0.00724495632906
0.10059911967 7.22074979885e-05 1517.28761036 -0.414335706667 1574.02772005   
0.09052380529 0.139797464827 1.42519849407 0.551091697855 1574.02772005   
0.10059911967 6.43248614728e-05 1517.28761036 -0.5568653 1260.3856196   
0.09052380529 0.145055563285 1.42519849407 0.0962102396345 1260.3856196   
0.10059911967 5.51890473606e-05 1517.28761036 -0.44838532 709.007242944   
0.09052380529 0.0846020610134 1.42519849407 -0.0689123135253 709.007242944   
0.10059911967 5.32413271105e-05 1517.28761036 -0.5187655 603.881379341   
0.09052380529 0.0430233828448 1.42519849407 -0.287292241046 603.881379341   
0.10059911967 3.24056227109e-05 1517.28761036 -0.204900993333 182.00466282   
0.09052380529 0.0677669776621 1.42519849407 -0.450135535415 182.00466282   
0.10059911967 2.80725916261e-05 1517.28761036 -0.0736179733333 56.3987493827   
0.09052380529 0.0412242939061 1.42519849407 -0.377228695131 56.3987493827   
0.10059911967 3.29272253991e-10 1517.28761036 -0.0256333333333 18.4828098409   
0.09052380529 0.0237092801745 1.42519849407 -0.235947359767 18.4828098409   
0.0824406241945 9.14086732598e-05 1067.64142009 -0.284221766667 1574.02772005   
0.0724495632906 0.0581221393902 0.167459274165 0.602294071229 1574.02772005   
0.0824406241945 7.99000152053e-05 1067.64142009 -0.499412926667 1260.3856196   
0.0724495632906 0.0379889119442 0.167459274165 0.68842389724 1260.3856196   
0.0824406241945 6.59494745934e-05 1067.64142009 -0.469021333333 709.007242944   
0.0724495632906 0.00988583525363 0.167459274165 0.165876772114 709.007242944   
0.0824406241945 6.29714904745e-05 1067.64142009 -0.609306986667 603.881379341   
0.0724495632906 0.0 0.167459274165 0.0 603.881379341   
0.0824406241945 4.1083059458e-05 1067.64142009 -0.260965266667 182.00466282   
0.0724495632906 0.00425015285681 0.167459274165 0.0216844057306 182.00466282   
0.0824406241945 2.59231136759e-05 1067.64142009 -0.0967115466667 56.3987493827   
0.0724495632906 0.0 0.167459274165 0.0 56.3987493827   
0.0824406241945 1.26655701298e-05 1067.64142009 -0.0333641666667 18.4828098409   
0.0724495632906 0.0 0.167459274165 0.0 18.4828098409   
CALCULATING MATRIX.........n23


finished process
##############################


MATRIX PERMUTATION.....n2

 
MATRIX PERMUTATION.....n3

 
finished process
##############################


MODES.....n2

 
MODES.....n3

 
finished process
##############################


MODES.....n2

 
MODES.....n3

 
finished process 




