

RMS_L1= 0.000367095711671
RMS_L2= 0.00341535481736

RMS_L1= 0.000229785139892
RMS_L2= 0.00220969198711
0.0367095711671 2.19218460884e-05 1798.49505843 -0.421170706667 417.602934428   
0.0341535481736 0.0577557145261 0.781852973992 0.553305498825 417.602934428   
0.0367095711671 2.36734797598e-05 1798.49505843 -0.563442253333 335.721512591   
0.0341535481736 0.0571897606951 0.781852973992 0.211284455477 335.721512591   
0.0367095711671 3.23295008266e-05 1798.49505843 -0.448208173333 188.867744208   
0.0341535481736 0.0355191432891 0.781852973992 -0.119351578015 188.867744208   
0.0367095711671 3.32850566766e-05 1798.49505843 -0.510001793333 159.594460742   
0.0341535481736 0.0530756451753 0.781852973992 -0.26660471012 159.594460742   
0.0367095711671 1.6387914047e-05 1798.49505843 -0.19696236 47.2938880943   
0.0341535481736 0.0254320433326 0.781852973992 -0.411397511167 47.2938880943   
0.0367095711671 0.0 1798.49505843 -0.0692333333333 14.4531402345   
0.0341535481736 0.0184962597988 0.781852973992 -0.235595482537 14.4531402345   
0.0367095711671 3.70608507431e-06 1798.49505843 -0.0239002066667 4.81608195441   
0.0341535481736 0.0118739777924 0.781852973992 -0.143429765976 4.81608195441   
0.0229785139892 0.000125712552256 210.839381573 -0.287531246667 417.602934428   
0.0220969198711 0.112181728128 0.12023217402 0.328149809711 417.602934428   
0.0229785139892 0.000109469208343 210.839381573 -0.508321726667 335.721512591   
0.0220969198711 0.0987613007514 0.12023217402 0.231756965395 335.721512591   
0.0229785139892 8.9250506992e-05 210.839381573 -0.47263298 188.867744208   
0.0220969198711 0.0679603980237 0.12023217402 0.231680035067 188.867744208   
0.0229785139892 8.43870101913e-05 210.839381573 -0.602563513333 159.594460742   
0.0220969198711 0.0960651385459 0.12023217402 0.266119979686 159.594460742   
0.0229785139892 5.31264215009e-05 210.839381573 -0.2514045 47.2938880943   
0.0220969198711 0.0841831370919 0.12023217402 0.189960717795 47.2938880943   
0.0229785139892 2.96977335002e-05 210.839381573 -0.0910399866667 14.4531402345   
0.0220969198711 0.0868109881659 0.12023217402 0.112712102704 14.4531402345   
0.0229785139892 2.69930287324e-05 210.839381573 -0.0312470866667 4.81608195441   
0.0220969198711 0.0810814239648 0.12023217402 0.117042581884 4.81608195441   
CALCULATING MATRIX.........n23


finished process
##############################


MATRIX PERMUTATION.....n2

 
MATRIX PERMUTATION.....n3

 
finished process
##############################


MODES.....n2

 
MODES.....n3

 
finished process
##############################


MODES.....n2

 
MODES.....n3

 
finished process 




