

RMS_L1= 0.000810979035746
RMS_L2= 0.00600659999362

RMS_L1= 0.000539913177827
RMS_L2= 0.00943723580043
0.0810979035746 3.23406970147e-05 3751.89846703 -0.418343146667 969.990947886   
0.0600659999362 0.0431297864986 1.28948877575 -0.468875046454 969.990947886   
0.0810979035746 3.24224896484e-05 3751.89846703 -0.560924933333 776.634506648   
0.0600659999362 0.0404463367914 1.28948877575 -0.292099325794 776.634506648   
0.0810979035746 2.6591305857e-05 3751.89846703 -0.44837968 435.882309112   
0.0600659999362 0.039016545943 1.28948877575 -0.0513801986006 435.882309112   
0.0810979035746 2.09868347837e-05 3751.89846703 -0.513640293333 368.888004288   
0.0600659999362 0.0189545045659 1.28948877575 0.409659798434 368.888004288   
0.0810979035746 2.10713168076e-06 3751.89846703 -0.1997666 109.952831685   
0.0600659999362 0.0227917558398 1.28948877575 0.40940018877 109.952831685   
0.0810979035746 0.0 3751.89846703 -0.0706333333333 33.7804502073   
0.0600659999362 0.0172374157717 1.28948877575 0.277533482371 33.7804502073   
0.0810979035746 0.0 3751.89846703 -0.0240333333333 11.0483681783   
0.0600659999362 0.0110812014168 1.28948877575 0.181204449094 11.0483681783   
0.0539913177827 7.77328427909e-05 807.304463145 -0.285446973333 969.990947886   
0.0943723580043 0.0227218650915 0.779087538815 0.24562538929 969.990947886   
0.0539913177827 6.92124466633e-05 807.304463145 -0.50407396 776.634506648   
0.0943723580043 0.0467253504496 0.779087538815 0.400885129297 776.634506648   
0.0539913177827 5.79997609255e-05 807.304463145 -0.471291833333 435.882309112   
0.0943723580043 0.0696516518866 0.779087538815 0.129795528977 435.882309112   
0.0539913177827 5.45053867738e-05 807.304463145 -0.605889053333 368.888004288   
0.0943723580043 0.0485374929705 0.779087538815 0.265526539847 368.888004288   
0.0539913177827 3.6032023233e-05 807.304463145 -0.255832733333 109.952831685   
0.0943723580043 0.074317954181 0.779087538815 0.427513773142 109.952831685   
0.0539913177827 2.81066666705e-05 807.304463145 -0.0935154133333 33.7804502073   
0.0943723580043 0.067968818464 0.779087538815 0.374707427058 33.7804502073   
0.0539913177827 2.11712131653e-05 807.304463145 -0.03184092 11.0483681783   
0.0943723580043 0.0469978656634 0.779087538815 0.239880568489 11.0483681783   
CALCULATING MATRIX.........n23


finished process
##############################


MATRIX PERMUTATION.....n2

 
MATRIX PERMUTATION.....n3

 
finished process
##############################


MODES.....n2

 
MODES.....n3

 
finished process
##############################


MODES.....n2

 
MODES.....n3

 
finished process 




