

MEAN_L1= 1.66219657446e-05
MEAN_L2= 0.000112287940147

MEAN_L1= 9.74232312099e-06
MEAN_L2= 0.000201934747178
0.00166219657446 5.92474818635e-05 3073.18844214 -0.459393893333 644.050004671   
0.00112287940147 0.144450478406 0.810205984717 -0.516057013771 644.050004671   
0.00166219657446 5.23913056119e-05 3073.18844214 -0.522623533333 417.372388805   
0.00112287940147 0.189459062924 0.810205984717 -0.122361711847 417.372388805   
0.00166219657446 4.55326986452e-05 3073.18844214 -0.430972133333 246.636064147   
0.00112287940147 0.140989250214 0.810205984717 -0.00697811676836 246.636064147   
0.00166219657446 4.68413498813e-05 3073.18844214 -0.522145393333 223.415339673   
0.00112287940147 0.135593831667 0.810205984717 0.273908749291 223.415339673   
0.00166219657446 3.29392916223e-05 3073.18844214 -0.221591086667 72.9877464131   
0.00112287940147 0.131499856876 0.810205984717 0.539247944383 72.9877464131   
0.00166219657446 1.54561745936e-05 3073.18844214 -0.0856371333333 24.3484336837   
0.00112287940147 0.0998326998825 0.810205984717 0.378586605982 24.3484336837   
0.00166219657446 1.32347673549e-05 3073.18844214 -0.0317694066667 8.55540506417   
0.00112287940147 0.0733754989743 0.810205984717 0.286101967257 8.55540506417   
0.000974232312099 0.000292899572552 413.685606876 -0.311320646667 644.050004671   
0.00201934747178 0.372950885257 0.519814947453 -0.631616130114 644.050004671   
0.000974232312099 0.000232855865841 413.685606876 -0.473442273333 417.372388805   
0.00201934747178 0.456539872234 0.519814947453 0.22764260228 417.372388805   
0.000974232312099 0.000191815243989 413.685606876 -0.453228546667 246.636064147   
0.00201934747178 0.288319965872 0.519814947453 0.0231084305835 246.636064147   
0.000974232312099 0.000183228319069 413.685606876 -0.615171593333 223.415339673   
0.00201934747178 0.196924635761 0.519814947453 0.124604004024 223.415339673   
0.000974232312099 0.000120636002801 413.685606876 -0.283610146667 72.9877464131   
0.00201934747178 0.174091763261 0.519814947453 0.0153088799463 72.9877464131   
0.000974232312099 6.73888849478e-05 413.685606876 -0.113332353333 24.3484336837   
0.00201934747178 0.175601654954 0.519814947453 -0.017951535882 24.3484336837   
0.000974232312099 4.02275610387e-05 413.685606876 -0.0424354333333 8.55540506417   
0.00201934747178 0.0433537376944 0.519814947453 -0.0130705969148 8.55540506417   
CALCULATING MATRIX.........n23


finished process
##############################


MATRIX PERMUTATION.....n2

 
MATRIX PERMUTATION.....n3

 
finished process
##############################


MODES.....n2

 
MODES.....n3

 
finished process
##############################


MODES.....n2

 
MODES.....n3

 
finished process 




