

MEAN_L1= 2.59414665391e-05
MEAN_L2= 0.000294086457644

MEAN_L1= 1.56709271119e-05
MEAN_L2= 0.000252057752425
0.00259414665391 5.74886231568e-05 4983.40370772 -0.458198686667 997.223140406   
0.00294086457644 0.186991126389 1.55982244153 0.641201378686 997.223140406   
0.00259414665391 5.13142900138e-05 4983.40370772 -0.521398186667 643.993873249   
0.00294086457644 0.253972870491 1.55982244153 0.141511411895 643.993873249   
0.00259414665391 4.4960883731e-05 4983.40370772 -0.430946493333 379.835910364   
0.00294086457644 0.195684145309 1.55982244153 -0.13899336822 379.835910364   
0.00259414665391 4.57923351295e-05 4983.40370772 -0.523738906667 344.165804447   
0.00294086457644 0.175341060631 1.55982244153 -0.414262825803 344.165804447   
0.00259414665391 2.95055360801e-05 4983.40370772 -0.2229547 112.762926821   
0.00294086457644 0.134908339329 1.55982244153 -0.280916765623 112.762926821   
0.00259414665391 2.29090724309e-05 4983.40370772 -0.08629088 37.7606431197   
0.00294086457644 0.119815424877 1.55982244153 -0.273655721043 37.7606431197   
0.00259414665391 3.32899551069e-05 4983.40370772 -0.0320649666667 13.29479099   
0.00294086457644 0.0594642993798 1.55982244153 -0.139655224582 13.29479099   
0.00156709271119 0.000225295330456 852.948883821 -0.311385693333 997.223140406   
0.00252057752425 0.280895283097 0.780414994549 -0.655526716312 997.223140406   
0.00156709271119 0.000181397462845 852.948883821 -0.471392646667 643.993873249   
0.00252057752425 0.269640997595 0.780414994549 0.113960737589 643.993873249   
0.00156709271119 0.00015152262768 852.948883821 -0.451850066667 379.835910364   
0.00252057752425 0.435075464995 0.780414994549 0.310302390071 379.835910364   
0.00156709271119 0.000142888716793 852.948883821 -0.616687846667 344.165804447   
0.00252057752425 0.265719122539 0.780414994549 -0.0108428014184 344.165804447   
0.00156709271119 9.49346158074e-05 852.948883821 -0.28513774 112.762926821   
0.00252057752425 0.175633003628 0.780414994549 0.0306012907801 112.762926821   
0.00156709271119 5.3527343323e-05 852.948883821 -0.114929846667 37.7606431197   
0.00252057752425 0.100320772793 0.780414994549 0.0732273262411 37.7606431197   
0.00156709271119 3.46245584007e-05 852.948883821 -0.04293062 13.29479099   
0.00252057752425 0.0462822982999 0.780414994549 -0.00588321985816 13.29479099   
CALCULATING MATRIX.........n23


finished process
##############################


MATRIX PERMUTATION.....n2

 
MATRIX PERMUTATION.....n3

 
finished process
##############################


MODES.....n2

 
MODES.....n3

 
finished process
##############################


MODES.....n2

 
MODES.....n3

 
finished process 




