

MEAN_L1= 4.46710929509e-05
MEAN_L2= 0.000442997545426

MEAN_L1= 3.34736794815e-05
MEAN_L2= 0.000422400384402
0.00446710929509 0.000119838391652 4067.3011404 -0.454185933333 2189.96094368   
0.00442997545426 0.353311957386 2.42079274635 -0.254875758269 2189.96094368   
0.00446710929509 0.000100477682165 4067.3011404 -0.517886426667 1408.21751346   
0.00442997545426 0.238235440594 2.42079274635 0.589401629087 1408.21751346   
0.00446710929509 8.69781110759e-05 4067.3011404 -0.430563813333 830.394752386   
0.00442997545426 0.293228425174 2.42079274635 0.00332122772882 830.394752386   
0.00446710929509 8.65948168322e-05 4067.3011404 -0.5284166 756.620830195   
0.00442997545426 0.211784422868 2.42079274635 -0.181683564152 756.620830195   
0.00446710929509 5.34993018863e-05 4067.3011404 -0.227662773333 251.019326111   
0.00442997545426 0.225484141193 2.42079274635 -0.33711608485 251.019326111   
0.00446710929509 3.35960817251e-05 4067.3011404 -0.0891434533333 85.1006938354   
0.00442997545426 0.163604608294 2.42079274635 -0.162659932853 85.1006938354   
0.00446710929509 1.24800284686e-05 4067.3011404 -0.0335022666667 30.1995516293   
0.00442997545426 0.112028559542 2.42079274635 -0.109258444928 30.1995516293   
0.00334736794815 0.000197885547446 2093.82373454 -0.31016284 2189.96094368   
0.00422400384402 0.448794653116 1.51214750905 0.0776014829142 2189.96094368   
0.00334736794815 0.000160951445373 2093.82373454 -0.465715433333 1408.21751346   
0.00422400384402 0.306448838754 1.51214750905 0.543201035385 1408.21751346   
0.00334736794815 0.000132577912794 2093.82373454 -0.44920452 830.394752386   
0.00422400384402 0.249054941059 1.51214750905 -0.00262939659423 830.394752386   
0.00334736794815 0.000125862177724 2093.82373454 -0.619740966667 756.620830195   
0.00422400384402 0.255358557377 1.51214750905 -0.396978332764 756.620830195   
0.00334736794815 8.56369338399e-05 2093.82373454 -0.291214066667 251.019326111   
0.00422400384402 0.172374245444 1.51214750905 -0.119935271362 251.019326111   
0.00334736794815 4.8614225604e-05 2093.82373454 -0.11909352 85.1006938354   
0.00422400384402 0.178283421118 1.51214750905 0.0126760534001 85.1006938354   
0.00334736794815 3.20100532817e-05 2093.82373454 -0.0453464066667 30.1995516293   
0.00422400384402 0.191122051011 1.51214750905 0.0785949596086 30.1995516293   
CALCULATING MATRIX.........n23


finished process
##############################


MATRIX PERMUTATION.....n2

 
MATRIX PERMUTATION.....n3

 
finished process
##############################


MODES.....n2

 
MODES.....n3

 
finished process
##############################


MODES.....n2

 
MODES.....n3

 
finished process 




