

MEAN_L1= 5.11776233201e-06
MEAN_L2= 3.0537386665e-05

MEAN_L1= 3.21955930952e-06
MEAN_L2= 4.40651517074e-05
0.000511776233201 8.68698748914e-05 635.988757971 -0.46112554 219.926962305   
0.00030537386665 0.366355849919 0.394390280289 -0.401010482096 219.926962305   
0.000511776233201 7.56413416897e-05 635.988757971 -0.524901026667 143.621223668   
0.00030537386665 0.403446942789 0.394390280289 0.398115589785 143.621223668   
0.000511776233201 6.49522709825e-05 635.988757971 -0.430716106667 85.2606489033   
0.00030537386665 0.185235131269 0.394390280289 -0.157684743615 85.2606489033   
0.000511776233201 6.68288360552e-05 635.988757971 -0.519398466667 77.2427840881   
0.00030537386665 0.299310074917 0.394390280289 0.0993806561312 77.2427840881   
0.000511776233201 4.10433787204e-05 635.988757971 -0.21950088 25.0928026931   
0.00030537386665 0.344073950252 0.394390280289 -0.0516078949123 25.0928026931   
0.000511776233201 3.16219607118e-05 635.988757971 -0.08472254 8.31410640988   
0.00030537386665 0.226163670397 0.394390280289 0.0433727945589 8.31410640988   
0.000511776233201 2.99949914367e-05 635.988757971 -0.0345187933333 3.1818602155   
0.00030537386665 0.225784167975 0.394390280289 -0.00303641394946 3.1818602155   
0.000321955930952 0.000669658018127 61.4046163637 0.31612674 219.926962305   
0.000440651517074 0.40916779727 0.181613134739 0.353396081209 219.926962305   
0.000321955930952 0.000525411295465 61.4046163637 0.47567604 143.621223668   
0.000440651517074 0.385238842918 0.181613134739 -0.313737656819 143.621223668   
0.000321955930952 0.000428372577863 61.4046163637 0.454674033333 85.2606489033   
0.000440651517074 0.441682683985 0.181613134739 0.215961790098 85.2606489033   
0.000321955930952 0.000408277306108 61.4046163637 0.611668846667 77.2427840881   
0.000440651517074 0.391315513377 0.181613134739 -0.124539862404 77.2427840881   
0.000321955930952 0.000268635083036 61.4046163637 0.280198213333 25.0928026931   
0.000440651517074 0.152288499491 0.181613134739 0.069997517874 25.0928026931   
0.000321955930952 0.000145152660794 61.4046163637 0.111325386667 8.31410640988   
0.000440651517074 0.127136988915 0.181613134739 -0.0395390597599 8.31410640988   
0.000321955930952 8.89641563287e-05 61.4046163637 0.0449723666667 3.1818602155   
0.000440651517074 0.0680463057518 0.181613134739 0.00656364494806 3.1818602155   
CALCULATING MATRIX.........n23


finished process
##############################


MATRIX PERMUTATION.....n2

 
MATRIX PERMUTATION.....n3

 
finished process
##############################


MODES.....n2

 
MODES.....n3

 
finished process
##############################


MODES.....n2

 
MODES.....n3

 
finished process 




