

MEAN_L1= 3.53666690364e-05
MEAN_L2= 0.000353217474305

MEAN_L1= 2.31106344751e-05
MEAN_L2= 0.000398009852059
0.00353666690364 6.27459075088e-05 6305.5412282 -0.456696133333 1490.33908852   
0.00353217474305 0.134256508544 2.47314336521 0.541319701992 1490.33908852   
0.00353666690364 5.5459031648e-05 6305.5412282 -0.520281893333 959.738797894   
0.00353217474305 0.175655161424 2.47314336521 0.275371883476 959.738797894   
0.00353666690364 4.82046550572e-05 6305.5412282 -0.430684993333 565.454454697   
0.00353217474305 0.142719484873 2.47314336521 0.0475077749874 565.454454697   
0.00353666690364 4.94056342029e-05 6305.5412282 -0.525412506667 512.96249791   
0.00353217474305 0.103322259371 2.47314336521 -0.60623003181 512.96249791   
0.00353666690364 3.23680055572e-05 6305.5412282 -0.224718033333 168.749639753   
0.00353217474305 0.0901815359321 2.47314336521 -0.296557029968 168.749639753   
0.00353666690364 1.50050524987e-05 6305.5412282 -0.0873631133333 56.7515514878   
0.00353217474305 0.0642491700528 2.47314336521 -0.239862457726 56.7515514878   
0.00353666690364 4.55968320717e-06 6305.5412282 -0.0325003133333 20.0413215549   
0.00353217474305 0.0396655318723 2.47314336521 -0.148772841118 20.0413215549   
0.00231106344751 0.000182746936819 1553.95519451 -0.311066706667 1490.33908852   
0.00398009852059 0.312023984775 1.14899446354 -0.629126711485 1490.33908852   
0.00231106344751 0.000149814718417 1553.95519451 -0.469052493333 959.738797894   
0.00398009852059 0.312984123454 1.14899446354 0.274262084034 959.738797894   
0.00231106344751 0.000123103194015 1553.95519451 -0.45129948 565.454454697   
0.00398009852059 0.267359159715 1.14899446354 0.159436552754 565.454454697   
0.00231106344751 0.000117839914188 1553.95519451 -0.617544606667 512.96249791   
0.00398009852059 0.292196666623 1.14899446354 -0.0320897591036 512.96249791   
0.00231106344751 7.83444065456e-05 1553.95519451 -0.28758272 168.749639753   
0.00398009852059 0.192410217216 1.14899446354 0.0391628048553 168.749639753   
0.00231106344751 4.51998013817e-05 1553.95519451 -0.116470013333 56.7515514878   
0.00398009852059 0.28035182281 1.14899446354 0.0215110849673 56.7515514878   
0.00231106344751 3.03376436546e-05 1553.95519451 -0.0438819733333 20.0413215549   
0.00398009852059 0.178974954069 1.14899446354 0.0265635518207 20.0413215549   
CALCULATING MATRIX.........n23


finished process
##############################


MATRIX PERMUTATION.....n2

 
MATRIX PERMUTATION.....n3

 
finished process
##############################


MODES.....n2

 
MODES.....n3

 
finished process
##############################


MODES.....n2

 
MODES.....n3

 
finished process 




