

MEAN_L1= 4.18847198547e-05
MEAN_L2= 0.000716160388945

MEAN_L1= 3.59749844766e-05
MEAN_L2= 0.000439030454289
0.00418847198547 0.00418028848975 121.434311722 -0.41969766 2627.70011672   
0.00716160388945 0.0439320605917 4.72208562369 -0.824823526667 2627.70011672   
0.00418847198547 0.00325850612063 121.434311722 -0.517141113333 1696.87996271   
0.00716160388945 0.101559759182 4.72208562369 -0.0863408266667 1696.87996271   
0.00418847198547 0.00275217591165 121.434311722 -0.42780932 1007.55853515   
0.00716160388945 0.10399537817 4.72208562369 0.260714333333 1007.55853515   
0.00418847198547 0.00268821342695 121.434311722 -0.538590286667 929.171980203   
0.00716160388945 0.0702221122654 4.72208562369 0.3874689 929.171980203   
0.00418847198547 0.00163887802149 121.434311722 -0.25482578 313.737630357   
0.00716160388945 0.0576860201381 4.72208562369 0.228793026667 313.737630357   
0.00418847198547 0.000943939387513 121.434311722 -0.121395706667 107.875797525   
0.00716160388945 0.0356376805125 4.72208562369 0.07043166 107.875797525   
0.00418847198547 0.000539140672264 121.434311722 -0.0599917133333 38.5828233424   
0.00716160388945 0.0207690481107 4.72208562369 0.06148274 38.5828233424   
0.00359749844766 0.000901536458311 510.016368677 0.313466786667 2627.70011672   
0.00439030454289 0.148573712705 1.58757275526 0.662253480224 2627.70011672   
0.00359749844766 0.00071317311572 510.016368677 0.460362653333 1696.87996271   
0.00439030454289 0.204702734823 1.58757275526 -0.3518533522 1696.87996271   
0.00359749844766 0.000577744489267 510.016368677 0.445203086667 1007.55853515   
0.00439030454289 0.293108455769 1.58757275526 0.328305444377 1007.55853515   
0.00359749844766 0.000546828336459 510.016368677 0.621069513333 929.171980203   
0.00439030454289 0.112589365097 1.58757275526 -0.178494292837 929.171980203   
0.00359749844766 0.000370700424088 510.016368677 0.2974658 313.737630357   
0.00439030454289 0.129463754414 1.58757275526 -0.159611885992 313.737630357   
0.00359749844766 0.000206431519442 510.016368677 0.123317833333 107.875797525   
0.00439030454289 0.158406790394 1.58757275526 -0.240542335422 107.875797525   
0.00359749844766 0.000116291020192 510.016368677 0.04665042 38.5828233424   
0.00439030454289 0.061402818704 1.58757275526 -0.0802994137861 38.5828233424   
CALCULATING MATRIX.........n23


finished process
##############################


MATRIX PERMUTATION.....n2

 
MATRIX PERMUTATION.....n3

 
finished process
##############################


MODES.....n2

 
MODES.....n3

 
finished process
##############################


MODES.....n2

 
MODES.....n3

 
finished process 




