

MEAN_L1= 9.8421340857e-06
MEAN_L2= 8.1725566781e-05

MEAN_L1= 5.83581876347e-06
MEAN_L2= 9.79103928375e-05
0.00098421340857 6.79587381212e-05 1558.13074807 -0.460562213333 392.448866733   
0.00081725566781 0.114248381147 0.805646657582 -0.514674713333 392.448866733   
0.00098421340857 6.01016890669e-05 1558.13074807 -0.523761353333 255.301259111   
0.00081725566781 0.15000044242 0.805646657582 -0.327449746667 255.301259111   
0.00098421340857 5.18806822308e-05 1558.13074807 -0.430740813333 151.224776082   
0.00081725566781 0.0860467980893 0.805646657582 0.06267432 151.224776082   
0.00098421340857 5.29939372002e-05 1558.13074807 -0.520770206667 137.003836794   
0.00081725566781 0.0991212685041 0.805646657582 0.48785376 137.003836794   
0.00098421340857 3.3183010421e-05 1558.13074807 -0.220364506667 44.638979568   
0.00081725566781 0.0868533782223 0.805646657582 0.426306653333 44.638979568   
0.00098421340857 8.53448950999e-06 1558.13074807 -0.08503356 14.8342403213   
0.00081725566781 0.0665945445403 0.805646657582 0.33156132 14.8342403213   
0.00098421340857 6.66633126504e-07 1558.13074807 -0.0320333266667 5.26656192601   
0.00081725566781 0.0396073239254 0.805646657582 0.167206726667 5.26656192601   
0.000583581876347 0.000424213358338 174.548877904 -0.312342733333 392.448866733   
0.000979103928375 0.218215766261 0.380250826157 -0.57986316685 392.448866733   
0.000583581876347 0.000335703816665 174.548877904 -0.47400988 255.301259111   
0.000979103928375 0.257941437268 0.380250826157 0.61794827011 255.301259111   
0.000583581876347 0.000272929535562 174.548877904 -0.454027586667 151.224776082   
0.000979103928375 0.148456062021 0.380250826157 0.0339706435792 151.224776082   
0.000583581876347 0.000257953322369 174.548877904 -0.614292393333 137.003836794   
0.000979103928375 0.176029945358 0.380250826157 -0.188353841791 137.003836794   
0.000583581876347 0.00017103527884 174.548877904 -0.28244666 44.638979568   
0.000979103928375 0.227412086577 0.380250826157 -0.0644175324459 44.638979568   
0.000583581876347 9.3467408218e-05 174.548877904 -0.112590393333 14.8342403213   
0.000979103928375 0.100841853576 0.380250826157 0.0315499716411 14.8342403213   
0.000583581876347 5.44507932805e-05 174.548877904 -0.0425153333333 5.26656192601   
0.000979103928375 0.0751185109038 0.380250826157 0.0736016314683 5.26656192601   
CALCULATING MATRIX.........n23


finished process
##############################


MATRIX PERMUTATION.....n2

 
MATRIX PERMUTATION.....n3

 
finished process
##############################


MODES.....n2

 
MODES.....n3

 
finished process
##############################


MODES.....n2

 
MODES.....n3

 
finished process 




