

MEAN_L1= 4.56836583692e-05
MEAN_L2= 0.000511750302116

MEAN_L1= 3.66181938071e-05
MEAN_L2= 0.000588001687419
0.00456836583692 0.000199531250431 2516.00329792 -0.453412673333 2411.14236184   
0.00511750302116 0.430744186726 2.98956759234 0.438018633333 2411.14236184   
0.00456836583692 0.000166252557282 2516.00329792 -0.515936873333 1550.49222978   
0.00511750302116 0.428289590662 2.98956759234 -0.411094513333 1550.49222978   
0.00456836583692 0.000137597259529 2516.00329792 -0.43060642 915.025706846   
0.00511750302116 0.22217876758 2.98956759234 0.08333348 915.025706846   
0.00456836583692 0.000138991506614 2516.00329792 -0.529769166667 835.432354635   
0.00511750302116 0.313606506427 2.98956759234 -0.0729295266667 835.432354635   
0.00456836583692 8.4713733611e-05 2516.00329792 -0.229667833333 278.114483879   
0.00511750302116 0.243507792268 2.98956759234 0.0695354533333 278.114483879   
0.00456836583692 4.77781372977e-05 2516.00329792 -0.09065364 94.5651075787   
0.00511750302116 0.184673122488 2.98956759234 0.0191554533333 94.5651075787   
0.00456836583692 3.29642061805e-05 2516.00329792 -0.0344095 33.6227553309   
0.00511750302116 0.0989182557454 2.98956759234 -0.04249804 33.6227553309   
0.00366181938071 0.000221295820082 2024.48984028 -0.310943733333 2411.14236184   
0.00588001687419 0.265897112979 2.34381025312 -0.596950238453 2411.14236184   
0.00366181938071 0.000178059460619 2024.48984028 -0.463902526667 1550.49222978   
0.00588001687419 0.335435932309 2.34381025312 0.513041444055 1550.49222978   
0.00366181938071 0.00014916540048 2024.48984028 -0.448824173333 915.025706846   
0.00588001687419 0.190288584389 2.34381025312 -0.222606926797 915.025706846   
0.00366181938071 0.00014070375081 2024.48984028 -0.619891766667 835.432354635   
0.00588001687419 0.233320768331 2.34381025312 0.00258502918126 835.432354635   
0.00366181938071 9.46013087529e-05 2024.48984028 -0.292995486667 278.114483879   
0.00588001687419 0.120275930024 2.34381025312 0.147332529598 278.114483879   
0.00366181938071 5.37852123698e-05 2024.48984028 -0.120178906667 94.5651075787   
0.00588001687419 0.0725444762264 2.34381025312 0.0411752843088 94.5651075787   
0.00366181938071 3.50245570997e-05 2024.48984028 -0.0459346466667 33.6227553309   
0.00588001687419 0.107756548385 2.34381025312 -0.0476296048024 33.6227553309   
CALCULATING MATRIX.........n23


finished process
##############################


MATRIX PERMUTATION.....n2

 
MATRIX PERMUTATION.....n3

 
finished process
##############################


MODES.....n2

 
MODES.....n3

 
finished process
##############################


MODES.....n2

 
MODES.....n3

 
finished process 




