

RMS_L1= 0.000298512629162
RMS_L2= 0.00262045176745

RMS_L1= 0.000185148699774
RMS_L2= 0.00236675891274
0.0298512629162 3.24126939936e-05 1798.71624769 -0.42119222 417.605702147   
0.0262045176745 0.033130590405 0.764411544044 -0.64531776 417.605702147   
0.0298512629162 2.5077472262e-05 1798.71624769 -0.563488646667 335.724999866   
0.0262045176745 0.03816687117 0.764411544044 -0.237020746667 335.724999866   
0.0298512629162 1.27568985884e-05 1798.71624769 -0.448169146667 188.866355219   
0.0262045176745 0.0287577365278 0.764411544044 0.170607573333 188.866355219   
0.0298512629162 6.59857758764e-06 1798.71624769 -0.509966546667 159.596460924   
0.0262045176745 0.0223843804491 0.764411544044 0.421927086667 159.596460924   
0.0298512629162 2.66453195246e-06 1798.71624769 -0.19696656 47.294582842   
0.0262045176745 0.0218737800792 0.764411544044 0.458503486667 47.294582842   
0.0298512629162 0.0 1798.71624769 -0.0692333333333 14.4531154525   
0.0262045176745 0.0150926162741 0.764411544044 0.284192773333 14.4531154525   
0.0298512629162 1.38640879035e-05 1798.71624769 -0.02390302 4.81569944861   
0.0262045176745 0.00967507496911 0.764411544044 0.156791573333 4.81569944861   
0.0185148699774 0.000102901009925 210.848207871 -0.287628733333 417.605702147   
0.0236675891274 0.220189077459 0.0970007412824 0.200001773725 417.605702147   
0.0185148699774 8.90102628608e-05 210.848207871 -0.5082972 335.724999866   
0.0236675891274 0.183812980267 0.0970007412824 0.441524772021 335.724999866   
0.0185148699774 7.33036349786e-05 210.848207871 -0.472624853333 188.866355219   
0.0236675891274 0.236472277026 0.0970007412824 0.223356131209 188.866355219   
0.0185148699774 6.9659290053e-05 210.848207871 -0.602504166667 159.596460924   
0.0236675891274 0.154857835049 0.0970007412824 -0.416133169656 159.596460924   
0.0185148699774 4.5209774659e-05 210.848207871 -0.25147436 47.294582842   
0.0236675891274 0.178378088471 0.0970007412824 -0.39963253165 47.294582842   
0.0185148699774 2.60656598572e-05 210.848207871 -0.09110994 14.4531154525   
0.0236675891274 0.104435933773 0.0970007412824 -0.306478875639 14.4531154525   
0.0185148699774 2.64441247437e-05 210.848207871 -0.0312463733333 4.81569944861   
0.0236675891274 0.108349367076 0.0970007412824 -0.267822370311 4.81569944861   
CALCULATING MATRIX.........n23


finished process
##############################


MATRIX PERMUTATION.....n2

 
MATRIX PERMUTATION.....n3

 
finished process
##############################


MODES.....n2

 
MODES.....n3

 
finished process
##############################


MODES.....n2

 
MODES.....n3

 
finished process 




