

RMS_L1= 0.000831507328713
RMS_L2= 0.00671378216211

RMS_L1= 0.000680633714598
RMS_L2= 0.00790619256143
0.0831507328713 6.01467231695e-05 1517.05660293 -0.414332946667 1574.01941568   
0.0671378216211 0.0562862027612 1.38340208377 -0.613910606667 1574.01941568   
0.0831507328713 5.36057178916e-05 1517.05660293 -0.556739313333 1260.38327537   
0.0671378216211 0.0708565168494 1.38340208377 -0.129170433333 1260.38327537   
0.0831507328713 4.63692909659e-05 1517.05660293 -0.448486333333 709.003789051   
0.0671378216211 0.0484643524134 1.38340208377 -0.00169218 709.003789051   
0.0831507328713 4.5361510647e-05 1517.05660293 -0.518834333333 603.878755151   
0.0671378216211 0.0259750111805 1.38340208377 0.3797922 603.878755151   
0.0831507328713 3.37005632455e-05 1517.05660293 -0.20486174 182.001046762   
0.0671378216211 0.0313233163021 1.38340208377 0.449321793333 182.001046762   
0.0831507328713 2.59242923598e-05 1517.05660293 -0.0735790466667 56.3982486413   
0.0671378216211 0.0263097319626 1.38340208377 0.42686926 56.3982486413   
0.0831507328713 9.86536929146e-06 1517.05660293 -0.02563184 18.4825578173   
0.0671378216211 0.0163901645879 1.38340208377 0.254797353333 18.4825578173   
0.0680633714598 7.46533751326e-05 1067.13574402 -0.284221893333 1574.01941568   
0.0790619256143 0.156529616877 0.36819412063 0.0852786778678 1574.01941568   
0.0680633714598 6.72037031753e-05 1067.13574402 -0.499215466667 1260.38327537   
0.0790619256143 0.138352875043 0.36819412063 0.708129589626 1260.38327537   
0.0680633714598 5.57860098962e-05 1067.13574402 -0.4689959 709.003789051   
0.0790619256143 0.127755921952 0.36819412063 -0.10099556289 709.003789051   
0.0680633714598 5.21744598801e-05 1067.13574402 -0.609496726667 603.878755151   
0.0790619256143 0.108966250073 0.36819412063 -0.330307460746 603.878755151   
0.0680633714598 3.68689114496e-05 1067.13574402 -0.260932506667 182.001046762   
0.0790619256143 0.0857828892779 0.36819412063 -0.34112630263 182.001046762   
0.0680633714598 3.32913061652e-05 1067.13574402 -0.09673166 56.3982486413   
0.0790619256143 0.0863408709972 0.36819412063 -0.333082378238 56.3982486413   
0.0680633714598 3.32989629494e-05 1067.13574402 -0.0333984866667 18.4825578173   
0.0790619256143 0.0554522497562 0.36819412063 -0.234391329133 18.4825578173   
CALCULATING MATRIX.........n23


finished process
##############################


MATRIX PERMUTATION.....n2

 
MATRIX PERMUTATION.....n3

 
finished process
##############################


MODES.....n2

 
MODES.....n3

 
finished process
##############################


MODES.....n2

 
MODES.....n3

 
finished process 




