

RMS_L1= 0.000368117514051
RMS_L2= 0.00341186942805

RMS_L1= 0.000226329355473
RMS_L2= 0.00224181777828
0.0368117514051 2.23985370895e-05 1798.49445199 -0.42117084 417.602934428   
0.0341186942805 0.0521545615843 0.781574225534 0.67924298 417.602934428   
0.0368117514051 2.36827026683e-05 1798.49445199 -0.563442026667 335.721512591   
0.0341186942805 0.0725379715086 0.781574225534 0.19028774 335.721512591   
0.0368117514051 3.22851612613e-05 1798.49445199 -0.448208293333 188.867744208   
0.0341186942805 0.0358502743346 0.781574225534 -0.172302813333 188.867744208   
0.0368117514051 3.33145111179e-05 1798.49445199 -0.51000112 159.594460742   
0.0341186942805 0.0379668387683 0.781574225534 -0.399687066667 159.594460742   
0.0368117514051 1.55070221513e-05 1798.49445199 -0.19696284 47.2938880943   
0.0341186942805 0.026283101063 0.781574225534 -0.461776273333 47.2938880943   
0.0368117514051 0.0 1798.49445199 -0.0692333333333 14.4531402345   
0.0341186942805 0.0198986254077 0.781574225534 -0.255676153333 14.4531402345   
0.0368117514051 2.66453248144e-06 1798.49445199 -0.0239001066667 4.81608195441   
0.0341186942805 0.012219534637 0.781574225534 -0.1497641 4.81608195441   
0.0226329355473 0.00012584489576 210.838768808 -0.2875322 417.602934428   
0.0224181777828 0.299313833123 0.119788533337 0.324367253392 417.602934428   
0.0226329355473 0.000110062199322 210.838768808 -0.5083203 335.721512591   
0.0224181777828 0.21747343667 0.119788533337 0.152609617628 335.721512591   
0.0226329355473 8.93903477193e-05 210.838768808 -0.472633513333 188.867744208   
0.0224181777828 0.489502719976 0.119788533337 0.130032726606 188.867744208   
0.0226329355473 8.50289564661e-05 210.838768808 -0.602564593333 159.594460742   
0.0224181777828 0.265251770042 0.119788533337 -0.218000856752 159.594460742   
0.0226329355473 5.41744007599e-05 210.838768808 -0.25140474 47.2938880943   
0.0224181777828 0.247408551689 0.119788533337 -0.28220373704 47.2938880943   
0.0226329355473 3.01107400797e-05 210.838768808 -0.0910401 14.4531402345   
0.0224181777828 0.209378517006 0.119788533337 -0.244196516318 14.4531402345   
0.0226329355473 2.76344261924e-05 210.838768808 -0.0312480266667 4.81608195441   
0.0224181777828 0.232824782575 0.119788533337 -0.248355205521 4.81608195441   
CALCULATING MATRIX.........n23


finished process
##############################


MATRIX PERMUTATION.....n2

 
MATRIX PERMUTATION.....n3

 
finished process
##############################


MODES.....n2

 
MODES.....n3

 
finished process
##############################


MODES.....n2

 
MODES.....n3

 
finished process 




