

RMS_L1= 0.00101346889287
RMS_L2= 0.0089597256783

RMS_L1= 0.000830022858068
RMS_L2= 0.00723942361214
0.101346889287 7.30403541383e-05 1517.28820036 -0.4143362 1574.02772005   
0.089597256783 0.109566416149 1.42677462987 0.640117682006 1574.02772005   
0.101346889287 6.50969570365e-05 1517.28820036 -0.556865886667 1260.3856196   
0.089597256783 0.173125746296 1.42677462987 0.101112459303 1260.3856196   
0.101346889287 5.54413387165e-05 1517.28820036 -0.44838468 709.007242944   
0.089597256783 0.0871393991467 1.42677462987 -0.081881908502 709.007242944   
0.101346889287 5.39143817036e-05 1517.28820036 -0.518765553333 603.881379341   
0.089597256783 0.0403759198349 1.42677462987 -0.295490957607 603.881379341   
0.101346889287 3.2083887136e-05 1517.28820036 -0.20490092 182.00466282   
0.089597256783 0.0567455382556 1.42677462987 -0.473553603195 182.00466282   
0.101346889287 2.82415486327e-05 1517.28820036 -0.0736177066667 56.3987493827   
0.089597256783 0.0376533297114 1.42677462987 -0.385757912933 56.3987493827   
0.101346889287 3.29272253991e-10 1517.28820036 -0.0256333333333 18.4828098409   
0.089597256783 0.0229085057953 1.42677462987 -0.237865689927 18.4828098409   
0.0830022858068 9.10043164823e-05 1067.64068639 -0.284221786667 1574.02772005   
0.0723942361214 0.102119469605 0.168675824306 0.291559926667 1574.02772005   
0.0830022858068 8.04867136573e-05 1067.64068639 -0.499413 1260.3856196   
0.0723942361214 0.0515608364338 0.168675824306 0.69498062 1260.3856196   
0.0830022858068 6.58830941001e-05 1067.64068639 -0.469020866667 709.007242944   
0.0723942361214 0.0598530259283 0.168675824306 -0.053919 709.007242944   
0.0830022858068 6.28437636835e-05 1067.64068639 -0.609307393333 603.881379341   
0.0723942361214 0.033802212917 0.168675824306 -0.54772082 603.881379341   
0.0830022858068 4.0771839914e-05 1067.64068639 -0.260964813333 182.00466282   
0.0723942361214 0.0476921373692 0.168675824306 -0.164497366667 182.00466282   
0.0830022858068 2.61574505613e-05 1067.64068639 -0.0967117666667 56.3987493827   
0.0723942361214 0.0354622755374 0.168675824306 -0.235082113333 56.3987493827   
0.0830022858068 1.32193460939e-05 1067.64068639 -0.0333639333333 18.4828098409   
0.0723942361214 0.0224917384193 0.168675824306 -0.157848513333 18.4828098409   
CALCULATING MATRIX.........n23


finished process
##############################


MATRIX PERMUTATION.....n2

 
MATRIX PERMUTATION.....n3

 
finished process
##############################


MODES.....n2

 
MODES.....n3

 
finished process
##############################


MODES.....n2

 
MODES.....n3

 
finished process 




