

RMS_L1= 2.49201595311e-06
RMS_L2= 2.85310180523e-08

RMS_L1= 3.92483687135e-08
RMS_L2= 4.27182371074e-09
0.000249201595311 0.0 362.971817825 -0.422966666667 141.457358588   
2.85310180523e-07 0.0 0.331268584564 -0.284233333333 141.457358588   
0.000249201595311 7.45058059692e-09 362.971817825 -0.565166666667 114.350121287   
2.85310180523e-07 3.72529029846e-09 0.331268584564 -0.3459 114.350121287   
0.000249201595311 7.45058059692e-09 362.971817825 -0.4479 64.571404086   
2.85310180523e-07 1.31708901597e-09 0.331268584564 -0.1077 64.571404086   
0.000249201595311 7.45058059692e-09 362.971817825 -0.507166666667 54.5673281963   
2.85310180523e-07 0.0 0.331268584564 0.433166666667 54.5673281963   
0.000249201595311 0.0 362.971817825 -0.194833333333 16.0885621766   
2.85310180523e-07 0.0 0.331268584564 0.525633333333 16.0885621766   
0.000249201595311 0.0 362.971817825 -0.0698333333333 4.98660475797   
2.85310180523e-07 0.0 0.331268584564 0.435833333333 4.98660475797   
0.000249201595311 3.29272253991e-10 362.971817825 -0.0311666666667 2.13816976736   
2.85310180523e-07 0.0 0.331268584564 0.366166666667 2.13816976736   
3.92483687135e-06 0.0 30.383555115 0.289833333333 141.457358588   
4.27182371074e-08 0.0 0.0643176752975 -0.7627 141.457358588   
3.92483687135e-06 7.45058059692e-09 30.383555115 0.512233333333 114.350121287   
4.27182371074e-08 0.0 0.0643176752975 -0.257966666667 114.350121287   
3.92483687135e-06 5.26835606386e-09 30.383555115 0.4731 64.571404086   
4.27182371074e-08 5.26835606386e-09 0.0643176752975 0.439766666667 64.571404086   
3.92483687135e-06 0.0 30.383555115 0.5991 54.5673281963   
4.27182371074e-08 0.0 0.0643176752975 0.227566666667 54.5673281963   
3.92483687135e-06 0.0 30.383555115 0.2471 16.0885621766   
4.27182371074e-08 0.0 0.0643176752975 0.1445 16.0885621766   
3.92483687135e-06 1.31708901597e-09 30.383555115 0.0906333333333 4.98660475797   
4.27182371074e-08 0.0 0.0643176752975 -0.292633333333 4.98660475797   
3.92483687135e-06 0.0 30.383555115 0.0391666666667 2.13816976736   
4.27182371074e-08 0.0 0.0643176752975 -0.00976666666667 2.13816976736   
CALCULATING MATRIX.........n23


finished process
##############################


MATRIX PERMUTATION.....n2

 
MATRIX PERMUTATION.....n3

 
finished process
##############################


MODES.....n2

 
MODES.....n3

 
finished process
##############################


MODES.....n2

 
MODES.....n3

 
finished process 




