

RMS_L1= 0.000115383546733
RMS_L2= 0.000528492438635

RMS_L1= 7.67288613284e-05
RMS_L2= 0.00112465942818
0.0115383546733 3.74672063973e-05 362.972024049 -0.42293578 141.457358588   
0.00528492438635 0.0270818871768 0.331415451877 -0.28458116 141.457358588   
0.0115383546733 3.57535492806e-05 362.972024049 -0.565194273333 114.350121287   
0.00528492438635 0.020756156022 0.331415451877 -0.34531046 114.350121287   
0.0115383546733 2.91962244795e-05 362.972024049 -0.44790554 64.571404086   
0.00528492438635 0.0228155416517 0.331415451877 -0.107185166667 64.571404086   
0.0115383546733 3.37246380738e-05 362.972024049 -0.507195733333 54.5673281963   
0.00528492438635 0.0183393312775 0.331415451877 0.43273442 54.5673281963   
0.0115383546733 1.05739955172e-05 362.972024049 -0.194834886667 16.0885621766   
0.00528492438635 0.0103634466821 0.331415451877 0.524845013333 16.0885621766   
0.0115383546733 6.66633126504e-07 362.972024049 -0.06983334 4.98660475797   
0.00528492438635 0.0126414072551 0.331415451877 0.43528018 4.98660475797   
0.0115383546733 3.29272253991e-10 362.972024049 -0.0311666666667 2.13816976736   
0.00528492438635 0.0111315069544 0.331415451877 0.365627873333 2.13816976736   
0.00767288613284 0.000296175487784 30.3836356015 0.289831313333 141.457358588   
0.0112465942818 0.430010742109 0.0648646796758 -0.495899434451 141.457358588   
0.00767288613284 0.000254608911707 30.3836356015 0.512268993333 114.350121287   
0.0112465942818 0.512858102427 0.0648646796758 -0.0971269215045 114.350121287   
0.00767288613284 0.000207595264117 30.3836356015 0.473111746667 64.571404086   
0.0112465942818 0.331346656174 0.0648646796758 0.220540692287 64.571404086   
0.00767288613284 0.000192887997615 30.3836356015 0.599103126667 54.5673281963   
0.0112465942818 0.143029835909 0.0648646796758 0.136775347506 54.5673281963   
0.00767288613284 0.000116815975996 30.3836356015 0.247130166667 16.0885621766   
0.0112465942818 0.179500457207 0.0648646796758 0.0805228059417 16.0885621766   
0.00767288613284 6.34434677279e-05 30.3836356015 0.0906037466667 4.98660475797   
0.0112465942818 0.178701082268 0.0648646796758 -0.138971865631 4.98660475797   
0.00767288613284 4.75874451278e-05 30.3836356015 0.0391965533333 2.13816976736   
0.0112465942818 0.0957337495574 0.0648646796758 -0.00263659035159 2.13816976736   
CALCULATING MATRIX.........n23


finished process
##############################


MATRIX PERMUTATION.....n2

 
MATRIX PERMUTATION.....n3

 
finished process
##############################


MODES.....n2

 
MODES.....n3

 
finished process
##############################


MODES.....n2

 
MODES.....n3

 
finished process 




