

RMS_L1= 0.000805844216588
RMS_L2= 0.0059787102585

RMS_L1= 0.000540151629555
RMS_L2= 0.00942983182698
0.0805844216588 3.23803454217e-05 3751.89679099 -0.418343286667 969.990947886   
0.059787102585 0.0476343821601 1.29017595473 -0.534918826667 969.990947886   
0.0805844216588 3.23801967017e-05 3751.89679099 -0.56092472 776.634506648   
0.059787102585 0.0473293146491 1.29017595473 -0.292005473333 776.634506648   
0.0805844216588 2.60737339344e-05 3751.89679099 -0.44837902 435.882309112   
0.059787102585 0.0442470707751 1.29017595473 0.0217957 435.882309112   
0.0805844216588 2.09240360358e-05 3751.89679099 -0.513640226667 368.888004288   
0.059787102585 0.0281599645659 1.29017595473 0.490659926667 368.888004288   
0.0805844216588 2.30801351815e-06 3751.89679099 -0.199766586667 109.952831685   
0.059787102585 0.0287610243029 1.29017595473 0.498070686667 109.952831685   
0.0805844216588 0.0 3751.89679099 -0.0706333333333 33.7804502073   
0.059787102585 0.0191042707482 1.29017595473 0.307242206667 33.7804502073   
0.0805844216588 0.0 3751.89679099 -0.0240333333333 11.0483681783   
0.059787102585 0.0115324813955 1.29017595473 0.19056602 11.0483681783   
0.0540151629555 7.80640118848e-05 807.305281077 -0.285448233333 969.990947886   
0.0942983182698 0.0421389172519 0.778064011825 -0.867819446667 969.990947886   
0.0540151629555 6.8751697831e-05 807.305281077 -0.504073553333 776.634506648   
0.0942983182698 0.0618056381143 0.778064011825 0.39821468 776.634506648   
0.0540151629555 5.74452920766e-05 807.305281077 -0.47129128 435.882309112   
0.0942983182698 0.0812040984883 0.778064011825 -0.128404246667 435.882309112   
0.0540151629555 5.40621526275e-05 807.305281077 -0.605889273333 368.888004288   
0.0942983182698 0.0554311257705 0.778064011825 0.213017506667 368.888004288   
0.0540151629555 3.59500865327e-05 807.305281077 -0.255831986667 109.952831685   
0.0942983182698 0.0433299534363 0.778064011825 -0.0639427666667 109.952831685   
0.0540151629555 2.81552395022e-05 807.305281077 -0.09351544 33.7804502073   
0.0942983182698 0.02229914483 0.778064011825 -0.0363886733333 33.7804502073   
0.0540151629555 2.11224745981e-05 807.305281077 -0.03184088 11.0483681783   
0.0942983182698 0.0145634609657 0.778064011825 -0.0564627466667 11.0483681783   
CALCULATING MATRIX.........n23


finished process
##############################


MATRIX PERMUTATION.....n2

 
MATRIX PERMUTATION.....n3

 
finished process
##############################


MODES.....n2

 
MODES.....n3

 
finished process
##############################


MODES.....n2

 
MODES.....n3

 
finished process 




