

RMS_L1= 1.84092493939e-05
RMS_L2= 4.13364563532e-08

RMS_L1= 3.35590559489e-06
RMS_L2= 8.01492225288e-09
0.00184092493939 5.26835606386e-09 2941.68789521 -0.420033333333 647.964730325   
4.13364563532e-07 5.26835606386e-09 0.868669582887 0.444833333333 647.964730325   
0.00184092493939 0.0 2941.68789521 -0.562433333333 519.705992825   
4.13364563532e-07 0.0 0.868669582887 0.385166666667 519.705992825   
0.00184092493939 5.26835606386e-09 2941.68789521 -0.448233333333 291.898611025   
4.13364563532e-07 6.58544507983e-10 0.868669582887 -0.0606333333333 291.898611025   
0.00184092493939 0.0 2941.68789521 -0.511566666667 246.748536325   
4.13364563532e-07 0.0 0.868669582887 -0.496566666667 246.748536325   
0.00184092493939 2.63417803193e-09 2941.68789521 -0.1981 73.2913321   
4.13364563532e-07 5.26835606386e-09 0.868669582887 -0.4597 73.2913321   
0.00184092493939 0.0 2941.68789521 -0.0698333333333 22.4504275088   
4.13364563532e-07 0.0 0.868669582887 -0.362166666667 22.4504275088   
0.00184092493939 0.0 2941.68789521 -0.0237666666667 7.35763326325   
4.13364563532e-07 2.63417803193e-09 0.868669582887 -0.247033333333 7.35763326325   
0.000335590559489 0.0 439.66797345 -0.2865 647.964730325   
8.01492225288e-08 1.05367121277e-08 0.159102410831 0.851633333333 647.964730325   
0.000335590559489 7.45058059692e-09 439.66797345 -0.5065 519.705992825   
8.01492225288e-08 0.0 0.159102410831 0.0480333333333 519.705992825   
0.000335590559489 0.0 439.66797345 -0.472033333333 291.898611025   
8.01492225288e-08 6.58544507983e-10 0.159102410831 0.0609 291.898611025   
0.000335590559489 0.0 439.66797345 -0.604033333333 246.748536325   
8.01492225288e-08 0.0 0.159102410831 -0.3551 246.748536325   
0.000335590559489 3.72529029846e-09 439.66797345 -0.253433333333 73.2913321   
8.01492225288e-08 2.63417803193e-09 0.159102410831 -0.212433333333 73.2913321   
0.000335590559489 1.31708901597e-09 439.66797345 -0.0923 22.4504275088   
8.01492225288e-08 2.63417803193e-09 0.159102410831 -0.245833333333 22.4504275088   
0.000335590559489 0.0 439.66797345 -0.0313 7.35763326325   
8.01492225288e-08 0.0 0.159102410831 -0.1923 7.35763326325   
CALCULATING MATRIX.........n23


finished process
##############################


MATRIX PERMUTATION.....n2

 
MATRIX PERMUTATION.....n3

 
finished process
##############################


MODES.....n2

 
MODES.....n3

 
finished process
##############################


MODES.....n2

 
MODES.....n3

 
finished process 




