

RMS_L1= 0.000992115543346
RMS_L2= 0.00714031332453

RMS_L1= 0.000767038220656
RMS_L2= 0.00764748424105
0.0992115543346 4.63445793264e-05 2440.11118519 -0.41567338 1428.56349549   
0.0714031332453 0.0649115772763 1.46497733574 0.49257066 1428.56349549   
0.0992115543346 4.22564432436e-05 2440.11118519 -0.55846708 1143.48788702   
0.0714031332453 0.0882222391322 1.46497733574 0.0232122133333 1143.48788702   
0.0992115543346 3.74622242096e-05 2440.11118519 -0.44858022 642.630556366   
0.0714031332453 0.0442647952505 1.46497733574 0.365856773333 642.630556366   
0.0992115543346 3.695173416e-05 2440.11118519 -0.516883686667 546.249609373   
0.0714031332453 0.0351662579198 1.46497733574 -0.512654413333 546.249609373   
0.0992115543346 3.27827488278e-05 2440.11118519 -0.202727226667 164.097451404   
0.0714031332453 0.041504894793 1.46497733574 -0.43185216 164.097451404   
0.0992115543346 1.20476018203e-05 2440.11118519 -0.0722355866667 50.7264792732   
0.0714031332453 0.0291196961593 1.46497733574 -0.33262388 50.7264792732   
0.0992115543346 1.11496008895e-05 2440.11118519 -0.0248352533333 16.6139333789   
0.0714031332453 0.0206415438112 1.46497733574 -0.21176622 16.6139333789   
0.0767038220656 8.22619055829e-05 1099.79283095 -0.2843347 1428.56349549   
0.0764748424105 0.156523614946 0.284004156229 -0.376454386668 1428.56349549   
0.0767038220656 7.26989095076e-05 1099.79283095 -0.50075408 1143.48788702   
0.0764748424105 0.0930313519481 0.284004156229 -0.398491203286 1143.48788702   
0.0767038220656 6.01298960519e-05 1099.79283095 -0.469858866667 642.630556366   
0.0764748424105 0.11362703228 0.284004156229 -0.0230477607454 642.630556366   
0.0767038220656 5.74852518986e-05 1099.79283095 -0.608361513333 546.249609373   
0.0764748424105 0.0551907567615 0.284004156229 0.257836873393 546.249609373   
0.0767038220656 3.84431461857e-05 1099.79283095 -0.259392673333 164.097451404   
0.0764748424105 0.0565087831869 0.284004156229 0.368578662793 164.097451404   
0.0767038220656 1.50328810176e-05 1099.79283095 -0.09569894 50.7264792732   
0.0764748424105 0.063998301404 0.284004156229 0.553650472565 50.7264792732   
0.0767038220656 1.79200000059e-05 1099.79283095 -0.03296144 16.6139333789   
0.0764748424105 0.0428346311625 0.284004156229 0.363127792806 16.6139333789   
CALCULATING MATRIX.........n23


finished process
##############################


MATRIX PERMUTATION.....n2

 
MATRIX PERMUTATION.....n3

 
finished process
##############################


MODES.....n2

 
MODES.....n3

 
finished process
##############################


MODES.....n2

 
MODES.....n3

 
finished process 




