

RMS_L1= 0.000214305680013
RMS_L2= 0.00179189897067

RMS_L1= 0.000136044838918
RMS_L2= 0.000429724943656
0.0214305680013 2.92433641704e-05 901.252710491 -0.422243173333 253.627116819   
0.0179189897067 0.0345986483801 0.531918822556 0.603435746667 253.627116819   
0.0214305680013 2.64133254267e-05 901.252710491 -0.56444172 204.468799949   
0.0179189897067 0.0341694709309 0.531918822556 0.237002373333 204.468799949   
0.0214305680013 3.27556880843e-05 901.252710491 -0.448060206667 115.248696125   
0.0179189897067 0.0273668151406 0.531918822556 -0.04897524 115.248696125   
0.0214305680013 1.8153278084e-05 901.252710491 -0.50850236 97.4035352584   
0.0179189897067 0.0195608496651 0.531918822556 -0.504044973333 97.4035352584   
0.0214305680013 2.00885813899e-05 901.252710491 -0.195906733333 28.7990946251   
0.0179189897067 0.025653402992 0.531918822556 -0.43180756 28.7990946251   
0.0214305680013 0.0 901.252710491 -0.0688333333333 8.78620143758   
0.0179189897067 0.0164808688625 0.531918822556 -0.294444946667 8.78620143758   
0.0214305680013 0.0 901.252710491 -0.0255666666667 3.14350656212   
0.0179189897067 0.0139830096658 0.531918822556 -0.213208473333 3.14350656212   
0.0136044838918 0.000180526666481 87.8691361517 0.28791546 253.627116819   
0.00429724943656 0.117474336881 0.0192684841762 -0.671999051626 253.627116819   
0.0136044838918 0.000157426197811 87.8691361517 0.50928882 204.468799949   
0.00429724943656 0.113265307905 0.0192684841762 0.604635430441 204.468799949   
0.0136044838918 0.00012791763416 87.8691361517 0.473254493333 115.248696125   
0.00429724943656 0.0691793699582 0.0192684841762 -0.346020750685 115.248696125   
0.0136044838918 0.00012074153618 87.8691361517 0.60184618 97.4035352584   
0.00429724943656 0.102620498788 0.0192684841762 0.102629245976 97.4035352584   
0.0136044838918 7.37773753644e-05 87.8691361517 0.249713233333 28.7990946251   
0.00429724943656 0.0472031697105 0.0192684841762 -0.0334339210579 28.7990946251   
0.0136044838918 4.1956472706e-05 87.8691361517 0.0899944533333 8.78620143758   
0.00429724943656 0.054858796392 0.0192684841762 -0.0537039471048 8.78620143758   
0.0136044838918 2.95476827453e-05 87.8691361517 0.0329509666667 3.14350656212   
0.00429724943656 0.0302967494722 0.0192684841762 0.0216098510653 3.14350656212   
CALCULATING MATRIX.........n23


finished process
##############################


MATRIX PERMUTATION.....n2

 
MATRIX PERMUTATION.....n3

 
finished process
##############################


MODES.....n2

 
MODES.....n3

 
finished process
##############################


MODES.....n2

 
MODES.....n3

 
finished process 




