

RMS_L1= 0.000943333688184
RMS_L2= 0.00753982504926

RMS_L1= 0.000828610449266
RMS_L2= 0.00714184616853
0.0943333688184 0.00133829380225 79.1793886634 -0.375545766667 1719.07160647   
0.0753982504926 0.0585133811571 1.16529134173 0.535032273333 1719.07160647   
0.0943333688184 0.00111342704947 79.1793886634 -0.55046712 1382.79330846   
0.0753982504926 0.0536467644094 1.16529134173 0.308911506667 1382.79330846   
0.0943333688184 0.000943094919861 79.1793886634 -0.44878642 782.978700083   
0.0753982504926 0.0846553815343 1.16529134173 -0.00877774 782.978700083   
0.0943333688184 0.000898131220423 79.1793886634 -0.533743326667 673.665422628   
0.0753982504926 0.0419920246768 1.16529134173 -0.369735093333 673.665422628   
0.0943333688184 0.000537219593549 79.1793886634 -0.23830696 205.852629187   
0.0753982504926 0.0376567065246 1.16529134173 -0.484552526667 205.852629187   
0.0943333688184 0.000290340305384 79.1793886634 -0.103170646667 64.4225200249   
0.0753982504926 0.0293333160791 1.16529134173 -0.430648933333 64.4225200249   
0.0943333688184 0.000156845961374 79.1793886634 -0.0471212866667 21.1816469105   
0.0753982504926 0.0178295497254 1.16529134173 -0.20845894 21.1816469105   
0.0828610449266 0.000367683261761 269.981090165 0.287028846667 1719.07160647   
0.0714184616853 0.195023766356 0.517287986401 -0.579191979397 1719.07160647   
0.0828610449266 0.000316998999763 269.981090165 0.496464246667 1382.79330846   
0.0714184616853 0.174157021336 0.517287986401 0.183316830557 1382.79330846   
0.0828610449266 0.000253299072583 269.981090165 0.466169253333 782.978700083   
0.0714184616853 0.239440100419 0.517287986401 -0.202983249716 782.978700083   
0.0828610449266 0.00023753520117 269.981090165 0.611145846667 673.665422628   
0.0714184616853 0.157160392289 0.517287986401 0.00945243829019 673.665422628   
0.0828610449266 0.000147298375237 269.981090165 0.264022746667 205.852629187   
0.0714184616853 0.224182280979 0.517287986401 0.491205298013 205.852629187   
0.0828610449266 8.09130998833e-05 269.981090165 0.0975882733333 64.4225200249   
0.0714184616853 0.124050379762 0.517287986401 0.279252478427 64.4225200249   
0.0828610449266 4.52138503811e-05 269.981090165 0.0330442133333 21.1816469105   
0.0714184616853 0.0880317160441 0.517287986401 0.215834370192 21.1816469105   
CALCULATING MATRIX.........n23


finished process
##############################


MATRIX PERMUTATION.....n2

 
MATRIX PERMUTATION.....n3

 
finished process
##############################


MODES.....n2

 
MODES.....n3

 
finished process
##############################


MODES.....n2

 
MODES.....n3

 
finished process 




