

RMS_L1= 0.000563056153131
RMS_L2= 0.00392179785434

RMS_L1= 0.000353336816857
RMS_L2= 0.00330626989269
0.0563056153131 3.26209030721e-05 2941.68654483 -0.420007233333 647.964730325   
0.0392179785434 0.0535148476473 0.870268698954 0.443584466667 647.964730325   
0.0563056153131 3.33815944768e-05 2941.68654483 -0.562401106667 519.705992825   
0.0392179785434 0.0457651290407 0.870268698954 0.382791653333 519.705992825   
0.0563056153131 3.32016497328e-05 2941.68654483 -0.44820296 291.898611025   
0.0392179785434 0.0419781397815 0.870268698954 -0.0610364666667 291.898611025   
0.0563056153131 3.33004614535e-05 2941.68654483 -0.51159852 246.748536325   
0.0392179785434 0.0309833227727 0.870268698954 -0.49368816 246.748536325   
0.0563056153131 1.49033962004e-06 2941.68654483 -0.198100033333 73.2913321   
0.0392179785434 0.0311703489429 0.870268698954 -0.457607666667 73.2913321   
0.0563056153131 3.03182497325e-05 2941.68654483 -0.0698138533333 22.4504275088   
0.0392179785434 0.0218084935907 0.870268698954 -0.3605708 22.4504275088   
0.0563056153131 1.10172370017e-05 2941.68654483 -0.0237647933333 7.35763326325   
0.0392179785434 0.014091626982 0.870268698954 -0.245983 7.35763326325   
0.0353336816857 9.41404681108e-05 439.668281963 -0.286499173333 647.964730325   
0.0330626989269 0.0918463519657 0.160000201802 0.821920118343 647.964730325   
0.0353336816857 8.31713281076e-05 439.668281963 -0.50649782 519.705992825   
0.0330626989269 0.143980687802 0.160000201802 0.0579964196169 519.705992825   
0.0353336816857 6.85879629734e-05 439.668281963 -0.472002773333 291.898611025   
0.0330626989269 0.0658869699994 0.160000201802 0.059999876308 291.898611025   
0.0353336816857 6.49915742692e-05 439.668281963 -0.60402992 246.748536325   
0.0330626989269 0.0609658981781 0.160000201802 -0.345959191656 246.748536325   
0.0353336816857 4.21762817585e-05 439.668281963 -0.253457486667 73.2913321   
0.0330626989269 0.095783512947 0.160000201802 -0.218427008324 73.2913321   
0.0353336816857 2.12275669821e-05 439.668281963 -0.0922951866667 22.4504275088   
0.0330626989269 0.0617330891968 0.160000201802 -0.247145699194 22.4504275088   
0.0353336816857 6.50054357491e-06 439.668281963 -0.03130064 7.35763326325   
0.0330626989269 0.0413850055896 0.160000201802 -0.192567863471 7.35763326325   
CALCULATING MATRIX.........n23


finished process
##############################


MATRIX PERMUTATION.....n2

 
MATRIX PERMUTATION.....n3

 
finished process
##############################


MODES.....n2

 
MODES.....n3

 
finished process
##############################


MODES.....n2

 
MODES.....n3

 
finished process 




