

RMS_L1= 2.83106376816e-06
RMS_L2= 1.73735973483e-08

RMS_L1= 5.98069572192e-06
RMS_L2= 6.92646707438e-09
0.000283106376816 5.26835606386e-09 1517.2878065 -0.414366666667 1574.02772005   
1.73735973483e-07 7.45058059692e-09 1.41836032345 0.658633333333 1574.02772005   
0.000283106376816 7.45058059692e-09 1517.2878065 -0.556833333333 1260.3856196   
1.73735973483e-07 1.31708901597e-09 1.41836032345 0.102366666667 1260.3856196   
0.000283106376816 0.0 1517.2878065 -0.448366666667 709.007242944   
1.73735973483e-07 0.0 1.41836032345 -0.0819 709.007242944   
0.000283106376816 0.0 1517.2878065 -0.518766666667 603.881379341   
1.73735973483e-07 0.0 1.41836032345 -0.303633333333 603.881379341   
0.000283106376816 2.63417803193e-09 1517.2878065 -0.2049 182.00466282   
1.73735973483e-07 7.45058059692e-09 1.41836032345 -0.488433333333 182.00466282   
0.000283106376816 0.0 1517.2878065 -0.0736333333333 56.3987493827   
1.73735973483e-07 0.0 1.41836032345 -0.397566666667 56.3987493827   
0.000283106376816 3.29272253991e-10 1517.2878065 -0.0256333333333 18.4828098409   
1.73735973483e-07 3.72529029846e-09 1.41836032345 -0.245366666667 18.4828098409   
0.000598069572192 0.0 1067.64157828 -0.284233333333 1574.02772005   
6.92646707438e-08 0.0 0.153347751873 0.291166666667 1574.02772005   
0.000598069572192 0.0 1067.64157828 -0.499433333333 1260.3856196   
6.92646707438e-08 7.45058059692e-09 0.153347751873 0.704833333333 1260.3856196   
0.000598069572192 0.0 1067.64157828 -0.469033333333 709.007242944   
6.92646707438e-08 0.0 0.153347751873 -0.0545 709.007242944   
0.000598069572192 0.0 1067.64157828 -0.6093 603.881379341   
6.92646707438e-08 0.0 0.153347751873 -0.5551 603.881379341   
0.000598069572192 0.0 1067.64157828 -0.260966666667 182.00466282   
6.92646707438e-08 1.86264514923e-09 0.153347751873 -0.1647 182.00466282   
0.000598069572192 0.0 1067.64157828 -0.0967 56.3987493827   
6.92646707438e-08 0.0 0.153347751873 -0.235233333333 56.3987493827   
0.000598069572192 0.0 1067.64157828 -0.0333666666667 18.4828098409   
6.92646707438e-08 0.0 0.153347751873 -0.157766666667 18.4828098409   
CALCULATING MATRIX.........n23


finished process
##############################


MATRIX PERMUTATION.....n2

 
MATRIX PERMUTATION.....n3

 
finished process
##############################


MODES.....n2

 
MODES.....n3

 
finished process
##############################


MODES.....n2

 
MODES.....n3

 
finished process 




