

MEAN_L1= 1.77204421663e-05
MEAN_L2= 0.000162628614648

MEAN_L1= 1.43265238139e-05
MEAN_L2= 0.000124704617036
0.00177204421663 0.000123421571964 1517.28826676 -0.4143366 1574.02772005   
0.00162628614648 0.185475108581 1.4421252111 0.611297817396 1574.02772005   
0.00177204421663 0.000106835444108 1517.28826676 -0.556863766667 1260.3856196   
0.00162628614648 0.281154601627 1.4421252111 0.0870647397803 1260.3856196   
0.00177204421663 9.08498384457e-05 1517.28826676 -0.44838432 709.007242944   
0.00162628614648 0.148850933012 1.4421252111 -0.0771584404826 709.007242944   
0.00177204421663 8.97626083738e-05 1517.28826676 -0.518766753333 603.881379341   
0.00162628614648 0.0807596980683 1.4421252111 -0.278813668287 603.881379341   
0.00177204421663 5.21002520727e-05 1517.28826676 -0.20490048 182.00466282   
0.00162628614648 0.110100697518 1.4421252111 -0.441338321628 182.00466282   
0.00177204421663 3.30248223174e-05 1517.28826676 -0.0736105 56.3987493827   
0.00162628614648 0.0768290396508 1.4421252111 -0.359111265982 56.3987493827   
0.00177204421663 6.99866336238e-06 1517.28826676 -0.0256339266667 18.4828098409   
0.00162628614648 0.046692399543 1.4421252111 -0.22129380515 18.4828098409   
0.00143265238139 0.000155711984845 1067.64205636 -0.28422 1574.02772005   
0.00124704617036 0.181931679406 0.210634936591 0.289973578662 1574.02772005   
0.00143265238139 0.000136225974931 1067.64205636 -0.499412393333 1260.3856196   
0.00124704617036 0.10026209156 0.210634936591 0.673140669808 1260.3856196   
0.00143265238139 0.000111346009192 1067.64205636 -0.469020446667 709.007242944   
0.00124704617036 0.107765163909 0.210634936591 -0.051697673719 709.007242944   
0.00143265238139 0.00010540802423 1067.64205636 -0.609308526667 603.881379341   
0.00124704617036 0.0668725682759 0.210634936591 -0.532243173234 603.881379341   
0.00143265238139 6.58014384391e-05 1067.64205636 -0.260965193333 182.00466282   
0.00124704617036 0.0840255274621 0.210634936591 -0.162125221431 182.00466282   
0.00143265238139 3.7895359463e-05 1067.64205636 -0.0967158866667 56.3987493827   
0.00124704617036 0.0633373887487 0.210634936591 -0.23288110231 56.3987493827   
0.00143265238139 2.43510976231e-05 1067.64205636 -0.0333561933333 18.4828098409   
0.00124704617036 0.0404321872044 0.210634936591 -0.156140589592 18.4828098409   
CALCULATING MATRIX.........n23


finished process
##############################


MATRIX PERMUTATION.....n2

 
MATRIX PERMUTATION.....n3

 
finished process
##############################


MODES.....n2

 
MODES.....n3

 
finished process
##############################


MODES.....n2

 
MODES.....n3

 
finished process 




