

MEAN_L1= 1.73612192234e-05
MEAN_L2= 0.000126143828799

MEAN_L1= 1.33387227242e-05
MEAN_L2= 0.000124283333087
0.00173612192234 7.54387126494e-05 2440.11070802 -0.415674973333 1428.56349549   
0.00126143828799 0.1213459538 1.47176148183 0.48828432474 1428.56349549   
0.00173612192234 6.6713450991e-05 2440.11070802 -0.558465733333 1143.48788702   
0.00126143828799 0.158148319189 1.47176148183 0.0189616444311 1143.48788702   
0.00173612192234 5.82224146503e-05 2440.11070802 -0.448580853333 642.630556366   
0.00126143828799 0.134334539102 1.47176148183 0.345787932591 642.630556366   
0.00173612192234 5.72684131592e-05 2440.11070802 -0.516883006667 546.249609373   
0.00126143828799 0.0802433587032 1.47176148183 -0.495497839971 546.249609373   
0.00173612192234 3.59206972052e-05 2440.11070802 -0.202729513333 164.097451404   
0.00126143828799 0.0833049383684 1.47176148183 -0.416597462133 164.097451404   
0.00173612192234 2.41966746945e-05 2440.11070802 -0.07224374 50.7264792732   
0.00126143828799 0.0763644979714 1.47176148183 -0.318972524827 50.7264792732   
0.00173612192234 2.3324585029e-05 2440.11070802 -0.0248428533333 16.6139333789   
0.00126143828799 0.0500832074149 1.47176148183 -0.20330963654 16.6139333789   
0.00133387227242 0.000141301158407 1099.79109843 -0.284335686667 1428.56349549   
0.00124283333087 0.273265441471 0.319478803626 -0.381555021681 1428.56349549   
0.00133387227242 0.000123105041582 1099.79109843 -0.500753746667 1143.48788702   
0.00124283333087 0.209553650476 0.319478803626 -0.346932710869 1143.48788702   
0.00133387227242 9.9922838431e-05 1099.79109843 -0.46985978 642.630556366   
0.00124283333087 0.211087683392 0.319478803626 -0.020608966289 642.630556366   
0.00133387227242 9.4255452345e-05 1099.79109843 -0.60836042 546.249609373   
0.00124283333087 0.11914959159 0.319478803626 0.249634291509 546.249609373   
0.00133387227242 6.00000261901e-05 1099.79109843 -0.25939282 164.097451404   
0.00124283333087 0.125055227426 0.319478803626 0.324426919849 164.097451404   
0.00133387227242 3.3817221087e-05 1099.79109843 -0.0956978 50.7264792732   
0.00124283333087 0.185930797921 0.319478803626 0.476072380753 50.7264792732   
0.00133387227242 2.75394755137e-05 1099.79109843 -0.0329521133333 16.6139333789   
0.00124283333087 0.118183052775 0.319478803626 0.312884501329 16.6139333789   
CALCULATING MATRIX.........n23


finished process
##############################


MATRIX PERMUTATION.....n2

 
MATRIX PERMUTATION.....n3

 
finished process
##############################


MODES.....n2

 
MODES.....n3

 
finished process
##############################


MODES.....n2

 
MODES.....n3

 
finished process 




