

MEAN_L1= 1.4320864749e-05
MEAN_L2= 0.000111078983986

MEAN_L1= 9.61362308559e-06
MEAN_L2= 0.000176541375754
0.0014320864749 4.27309017315e-05 3751.96731809 -0.41831984 969.981002802   
0.00111078983986 0.0800537086463 1.35777879929 -0.534719753333 969.981002802   
0.0014320864749 4.01495957819e-05 3751.96731809 -0.560953233333 776.625114134   
0.00111078983986 0.0823972291469 1.35777879929 -0.295495426667 776.625114134   
0.0014320864749 3.63978942905e-05 3751.96731809 -0.44840862 435.876996813   
0.00111078983986 0.0739346067073 1.35777879929 0.02276728 435.876996813   
0.0014320864749 3.53995847333e-05 3751.96731809 -0.51361446 368.884148575   
0.00111078983986 0.0463868847524 1.35777879929 0.503392986667 368.884148575   
0.0014320864749 1.38495902573e-05 3751.96731809 -0.19976462 109.951691322   
0.00111078983986 0.049339572834 1.35777879929 0.47840586 109.951691322   
0.0014320864749 2.10713126913e-06 3751.96731809 -0.0706332666667 33.7798587939   
0.00111078983986 0.0325371204277 1.35777879929 0.294006293333 33.7798587939   
0.0014320864749 0.0 3751.96731809 -0.0240333333333 11.0482949822   
0.00111078983986 0.0196684617684 1.35777879929 0.181179666667 11.0482949822   
0.000961362308559 0.000136349855607 807.301928239 -0.28553418 969.981002802   
0.00176541375754 0.258814334551 0.655533861803 -0.779901131873 969.981002802   
0.000961362308559 0.000119202057146 807.301928239 -0.504055053333 776.625114134   
0.00176541375754 0.267117796232 0.655533861803 0.278116609738 776.625114134   
0.000961362308559 9.7198730056e-05 807.301928239 -0.471306893333 435.876996813   
0.00176541375754 0.173936055581 0.655533861803 -0.0682606188467 435.876996813   
0.000961362308559 9.2331160349e-05 807.301928239 -0.605873486667 368.884148575   
0.00176541375754 0.186636718691 0.655533861803 0.218336173063 368.884148575   
0.000961362308559 5.85483470545e-05 807.301928239 -0.255786713333 109.951691322   
0.00176541375754 0.16936409498 0.655533861803 -0.0470354095506 109.951691322   
0.000961362308559 3.33393887723e-05 807.301928239 -0.09350964 33.7798587939   
0.00176541375754 0.126090449296 0.655533861803 -0.0421586966714 33.7798587939   
0.000961362308559 3.24062812863e-05 807.301928239 -0.03185886 11.0482949822   
0.00176541375754 0.0863179228513 0.655533861803 -0.0512710401179 11.0482949822   
CALCULATING MATRIX.........n23


finished process
##############################


MATRIX PERMUTATION.....n2

 
MATRIX PERMUTATION.....n3

 
finished process
##############################


MODES.....n2

 
MODES.....n3

 
finished process
##############################


MODES.....n2

 
MODES.....n3

 
finished process 




