

MEAN_L1= 1.96681663371e-06
MEAN_L2= 1.0198437565e-05

MEAN_L1= 1.34629890354e-06
MEAN_L2= 1.99582209621e-05
0.000196681663371 5.83166398067e-05 362.948067449 -0.42308236 141.459277544   
0.00010198437565 0.0557523107969 0.331965288714 0.402085473333 141.459277544   
0.000196681663371 5.34280443678e-05 362.948067449 -0.565077886667 114.343836656   
0.00010198437565 0.0470342376704 0.331965288714 0.285686746667 114.343836656   
0.000196681663371 4.72689342777e-05 362.948067449 -0.447838173333 64.5715885774   
0.00010198437565 0.0339178198525 0.331965288714 0.0351265666667 64.5715885774   
0.000196681663371 4.62777692565e-05 362.948067449 -0.50724106 54.5698771907   
0.00010198437565 0.0316893030711 0.331965288714 -0.412870746667 54.5698771907   
0.000196681663371 2.5203513116e-05 362.948067449 -0.194898026667 16.0868961797   
0.00010198437565 0.0199816329343 0.331965288714 -0.48883242 16.0868961797   
0.000196681663371 3.33092580309e-06 362.948067449 -0.06983346 4.98668811892   
0.00010198437565 0.0237038261273 0.331965288714 -0.440960286667 4.98668811892   
0.000196681663371 1.87302535991e-05 362.948067449 -0.0312275733333 2.13854557829   
0.00010198437565 0.021880048925 0.331965288714 -0.377751866667 2.13854557829   
0.000134629890354 0.000517012950179 30.3767644376 0.29028198 141.459277544   
0.000199582209621 0.342111859716 0.0537541691241 0.468038322952 141.459277544   
0.000134629890354 0.000444200753979 30.3767644376 0.510954633333 114.343836656   
0.000199582209621 0.452057321389 0.0537541691241 0.0766099859353 114.343836656   
0.000134629890354 0.000358063505011 30.3767644376 0.473380193333 64.5715885774   
0.000199582209621 0.197339292265 0.0537541691241 0.01324026522 64.5715885774   
0.000134629890354 0.000335302935711 30.3767644376 0.59952316 54.5698771907   
0.000199582209621 0.177963010832 0.0537541691241 -0.13942408412 54.5698771907   
0.000134629890354 0.000201306913931 30.3767644376 0.247961253333 16.0868961797   
0.000199582209621 0.251832224581 0.0537541691241 -0.261945221352 16.0868961797   
0.000134629890354 0.000108015106756 30.3767644376 0.09006984 4.98668811892   
0.000199582209621 0.193482892996 0.0537541691241 -0.240051677718 4.98668811892   
0.000134629890354 7.66680799873e-05 30.3767644376 0.0393212133333 2.13854557829   
0.000199582209621 0.23756404019 0.0537541691241 -0.282692914071 2.13854557829   
CALCULATING MATRIX.........n23


finished process
##############################


MATRIX PERMUTATION.....n2

 
MATRIX PERMUTATION.....n3

 
finished process
##############################


MODES.....n2

 
MODES.....n3

 
finished process
##############################


MODES.....n2

 
MODES.....n3

 
finished process 




