

MEAN_L1= 3.70379982158e-06
MEAN_L2= 3.25467325345e-05

MEAN_L1= 2.42414421688e-06
MEAN_L2= 8.43631925812e-06
0.000370379982158 4.59574604501e-05 901.276663617 -0.422256693333 253.628098269   
0.000325467325345 0.0567226867819 0.552927946516 0.628652753333 253.628098269   
0.000370379982158 4.21944923019e-05 901.276663617 -0.564442206667 204.469822409   
0.000325467325345 0.0593196383938 0.552927946516 0.209893173333 204.469822409   
0.000370379982158 3.79108098315e-05 901.276663617 -0.448055626667 115.249182662   
0.000325467325345 0.0458052773302 0.552927946516 -0.05209916 115.249182662   
0.000370379982158 3.70896779395e-05 901.276663617 -0.50850332 97.4043559895   
0.000325467325345 0.0336402177047 0.552927946516 -0.49882442 97.4043559895   
0.000370379982158 2.50016139974e-05 901.276663617 -0.195911186667 28.7992335452   
0.000325467325345 0.0431536063975 0.552927946516 -0.421818826667 28.7992335452   
0.000370379982158 0.0 901.276663617 -0.0688333333333 8.78616126441   
0.000325467325345 0.0275689386886 0.552927946516 -0.27743144 8.78616126441   
0.000370379982158 0.0 901.276663617 -0.0255666666667 3.14352810964   
0.000325467325345 0.023034774138 0.552927946516 -0.202934653333 3.14352810964   
0.000242414421688 0.000313754150015 87.8629711291 0.287867666667 253.628098269   
8.43631925812e-05 0.201222156328 0.0203183250257 -0.622662607677 253.628098269   
0.000242414421688 0.000275002797518 87.8629711291 0.509230726667 204.469822409   
8.43631925812e-05 0.180259934903 0.0203183250257 0.599645661912 204.469822409   
0.000242414421688 0.000222987281923 87.8629711291 0.473254546667 115.249182662   
8.43631925812e-05 0.114223601391 0.0203183250257 -0.328896816208 115.249182662   
0.000242414421688 0.00020890607909 87.8629711291 0.601919833333 97.4043559895   
8.43631925812e-05 0.166514219399 0.0203183250257 0.0804649989663 97.4043559895   
0.000242414421688 0.000127300863975 87.8629711291 0.249702366667 28.7992335452   
8.43631925812e-05 0.0801383481217 0.0203183250257 -0.0538486734202 28.7992335452   
0.000242414421688 6.68150335649e-05 87.8629711291 0.09000932 8.78616126441   
8.43631925812e-05 0.0903345892118 0.0203183250257 -0.0650104403556 8.78616126441   
0.000242414421688 4.21111117554e-05 87.8629711291 0.03294626 3.14352810964   
8.43631925812e-05 0.0495896318264 0.0203183250257 0.0119549031769 3.14352810964   
CALCULATING MATRIX.........n23


finished process
##############################


MATRIX PERMUTATION.....n2

 
MATRIX PERMUTATION.....n3

 
finished process
##############################


MODES.....n2

 
MODES.....n3

 
finished process
##############################


MODES.....n2

 
MODES.....n3

 
finished process 




