

MEAN_L1= 9.8234455379e-06
MEAN_L2= 6.80693112226e-05

MEAN_L1= 6.18696201284e-06
MEAN_L2= 5.75006446475e-05
0.00098234455379 3.81481902683e-05 2941.6874964 -0.4200046 647.964730325   
0.000680693112226 0.0938673091755 0.874523157516 0.440121993333 647.964730325   
0.00098234455379 3.63906454365e-05 2941.6874964 -0.562400406667 519.705992825   
0.000680693112226 0.0801075668974 0.874523157516 0.378968553333 519.705992825   
0.00098234455379 3.43686649974e-05 2941.6874964 -0.44820252 291.898611025   
0.000680693112226 0.0731556858221 0.874523157516 -0.0615711266667 291.898611025   
0.00098234455379 3.41916957956e-05 2941.6874964 -0.51159916 246.748536325   
0.000680693112226 0.0538782374721 0.874523157516 -0.488707986667 246.748536325   
0.00098234455379 1.15594674465e-05 2941.6874964 -0.198101926667 73.2913321   
0.000680693112226 0.0541110980845 0.874523157516 -0.452636613333 73.2913321   
0.00098234455379 3.24046745729e-05 2941.6874964 -0.0698078133333 22.4504275088   
0.000680693112226 0.03744576889 0.874523157516 -0.356915413333 22.4504275088   
0.00098234455379 2.36997365205e-05 2941.6874964 -0.0237567733333 7.35763326325   
0.000680693112226 0.0244572942806 0.874523157516 -0.2436585 7.35763326325   
0.000618696201284 0.000161453876575 439.667614204 -0.28649818 647.964730325   
0.000575006446475 0.198871252809 0.162692406465 0.758375320209 647.964730325   
0.000618696201284 0.000141082214273 439.667614204 -0.506498426667 519.705992825   
0.000575006446475 0.236447917017 0.162692406465 0.0598537495175 519.705992825   
0.000618696201284 0.000115040614492 439.667614204 -0.472002726667 291.898611025   
0.000575006446475 0.170897933643 0.162692406465 0.0465886058182 291.898611025   
0.000618696201284 0.000107954203558 439.667614204 -0.60403026 246.748536325   
0.000575006446475 0.152674756263 0.162692406465 -0.312389546268 246.748536325   
0.000618696201284 6.72168114504e-05 439.667614204 -0.25345844 73.2913321   
0.000575006446475 0.16022189388 0.162692406465 -0.212506365582 73.2913321   
0.000618696201284 3.82035507233e-05 439.667614204 -0.0922925733333 22.4504275088   
0.000575006446475 0.106210210613 0.162692406465 -0.231712590799 22.4504275088   
0.000618696201284 2.02627967813e-05 439.667614204 -0.0313061533333 7.35763326325   
0.000575006446475 0.0734850789502 0.162692406465 -0.179867350949 7.35763326325   
CALCULATING MATRIX.........n23


finished process
##############################


MATRIX PERMUTATION.....n2

 
MATRIX PERMUTATION.....n3

 
finished process
##############################


MODES.....n2

 
MODES.....n3

 
finished process
##############################


MODES.....n2

 
MODES.....n3

 
finished process 




