

MEAN_L1= 6.5341403098e-06
MEAN_L2= 5.88953851508e-05

MEAN_L1= 4.06614844058e-06
MEAN_L2= 3.94352340181e-05
0.00065341403098 4.09660023198e-05 1798.47298728 -0.42116734 417.600154743   
0.000588953851508 0.108694711932 0.751144021864 0.65365159516 417.600154743   
0.00065341403098 3.86848243325e-05 1798.47298728 -0.563441466667 335.718578365   
0.000588953851508 0.143206295926 0.751144021864 0.192086485315 335.718578365   
0.00065341403098 3.54009368276e-05 1798.47298728 -0.448202686667 188.86693235   
0.000588953851508 0.0645654108804 0.751144021864 -0.15547939794 188.86693235   
0.00065341403098 3.40320281741e-05 1798.47298728 -0.510015493333 159.594061714   
0.000588953851508 0.073416922826 0.751144021864 -0.391386401974 159.594061714   
0.00065341403098 2.93687475139e-05 1798.47298728 -0.1969491 47.2931774895   
0.000588953851508 0.0491491181502 0.751144021864 -0.470387922126 47.2931774895   
0.00065341403098 6.66633777058e-07 1798.47298728 -0.0692333266667 14.4528797742   
0.000588953851508 0.0374734506303 0.751144021864 -0.257649981665 14.4528797742   
0.00065341403098 1.56080833786e-05 1798.47298728 -0.02390388 4.81598840231   
0.000588953851508 0.0228527871796 0.751144021864 -0.156885685235 4.81598840231   
0.000406614844058 0.000221542711303 210.832884744 -0.287412353333 417.600154743   
0.000394352340181 0.326776507687 0.136467088933 -0.239487968234 417.600154743   
0.000406614844058 0.000194119121647 210.832884744 -0.508330586667 335.718578365   
0.000394352340181 0.308666387736 0.136467088933 -0.142453496381 335.718578365   
0.000406614844058 0.000160357010533 210.832884744 -0.47259856 188.86693235   
0.000394352340181 0.551425737129 0.136467088933 -0.0991293414857 188.86693235   
0.000406614844058 0.000146518475824 210.832884744 -0.602596126667 159.594061714   
0.000394352340181 0.278104941807 0.136467088933 0.184240347178 159.594061714   
0.000406614844058 9.16380123857e-05 210.832884744 -0.251513606667 47.2931774895   
0.000394352340181 0.279118459798 0.136467088933 0.226212572914 47.2931774895   
0.000406614844058 4.929798916e-05 210.832884744 -0.0910286266667 14.4528797742   
0.000394352340181 0.221661191268 0.136467088933 0.167277658303 14.4528797742   
0.000406614844058 3.2773131949e-05 210.832884744 -0.03125614 4.81598840231   
0.000394352340181 0.252357935651 0.136467088933 0.158846285754 4.81598840231   
CALCULATING MATRIX.........n23


finished process
##############################


MATRIX PERMUTATION.....n2

 
MATRIX PERMUTATION.....n3

 
finished process
##############################


MODES.....n2

 
MODES.....n3

 
finished process
##############################


MODES.....n2

 
MODES.....n3

 
finished process 




