

MEAN_L1= 1.62597942306e-05
MEAN_L2= 0.000130579500665

MEAN_L1= 1.43951128206e-05
MEAN_L2= 0.000128903559506
0.00162597942306 0.0022873174653 79.18080852 -0.375544886667 1719.07160647   
0.00130579500665 0.140135572054 1.17461317669 0.525429018706 1719.07160647   
0.00162597942306 0.00192097595303 79.18080852 -0.55047888 1382.79330846   
0.00130579500665 0.187463865332 1.17461317669 0.279384245274 1382.79330846   
0.00162597942306 0.00162395005696 79.18080852 -0.44878616 782.978700083   
0.00130579500665 0.145863022659 1.17461317669 -0.0101287019439 782.978700083   
0.00162597942306 0.00154008412116 79.18080852 -0.533725586667 673.665422628   
0.00130579500665 0.108747394563 1.17461317669 -0.350173922177 673.665422628   
0.00162597942306 0.000922915838235 79.18080852 -0.238298326667 205.852629187   
0.00130579500665 0.112035723714 1.17461317669 -0.456342339368 205.852629187   
0.00162597942306 0.000501461667968 79.18080852 -0.103175866667 64.4225200249   
0.00130579500665 0.0954996529503 1.17461317669 -0.405241775866 64.4225200249   
0.00162597942306 0.000271593702352 79.18080852 -0.0471197533333 21.1816469105   
0.00130579500665 0.0509679885836 1.17461317669 -0.19627413224 21.1816469105   
0.00143951128206 0.00062107817909 269.983174032 0.28703938 1719.07160647   
0.00128903559506 0.244882157769 0.524567610634 -0.533875576576 1719.07160647   
0.00143951128206 0.000546339147306 269.983174032 0.496461613333 1382.79330846   
0.00128903559506 0.262262085289 0.524567610634 0.163222074609 1382.79330846   
0.00143951128206 0.000438937594952 269.983174032 0.466166766667 782.978700083   
0.00128903559506 0.340564778544 0.524567610634 -0.161929772912 782.978700083   
0.00143951128206 0.000409010531778 269.983174032 0.611147386667 673.665422628   
0.00128903559506 0.223065499701 0.524567610634 0.0230682715131 673.665422628   
0.00143951128206 0.00025405855626 269.983174032 0.2640185 205.852629187   
0.00128903559506 0.2864876834 0.524567610634 0.400126244376 205.852629187   
0.00143951128206 0.000134492642667 269.983174032 0.09758568 64.4225200249   
0.00128903559506 0.17276468634 0.524567610634 0.227258351933 64.4225200249   
0.00143951128206 7.42959319973e-05 269.983174032 0.0330434933333 21.1816469105   
0.00128903559506 0.114867202421 0.524567610634 0.173856112942 21.1816469105   
CALCULATING MATRIX.........n23


finished process
##############################


MATRIX PERMUTATION.....n2

 
MATRIX PERMUTATION.....n3

 
finished process
##############################


MODES.....n2

 
MODES.....n3

 
finished process
##############################


MODES.....n2

 
MODES.....n3

 
finished process 




