

RMS_L1= 0.00140656761834
RMS_L2= 0.010718097299

RMS_L1= 0.000930509664526
RMS_L2= 0.0165242832154
0.140656761834 4.19268671516e-05 3751.89724175 -0.4183406 969.990947886   
0.10718097299 0.0560765659856 1.29412548167 -0.406502144983 969.990947886   
0.140656761834 3.91157673932e-05 3751.89724175 -0.5609277 776.634506648   
0.10718097299 0.0575102295487 1.29412548167 -0.29229642723 776.634506648   
0.140656761834 3.52814709726e-05 3751.89724175 -0.448385466667 435.882309112   
0.10718097299 0.0532258638666 1.29412548167 -0.127821972852 435.882309112   
0.140656761834 3.4683216935e-05 3751.89724175 -0.513645173333 368.888004288   
0.10718097299 0.0213422083661 1.29412548167 0.335956604037 368.888004288   
0.140656761834 1.33221014166e-05 3751.89724175 -0.199764293333 109.952831685   
0.10718097299 0.0193135775527 1.29412548167 0.33717019473 109.952831685   
0.140656761834 0.0 3751.89724175 -0.0706333333333 33.7804502073   
0.10718097299 0.0210293015859 1.29412548167 0.237033752103 33.7804502073   
0.140656761834 0.0 3751.89724175 -0.0240333333333 11.0483681783   
0.10718097299 0.0162014967724 1.29412548167 0.164704432217 11.0483681783   
0.0930509664526 0.000131381363663 807.306158847 -0.28545022 969.990947886   
0.165242832154 0.0414473187269 0.78025280053 0.233940304972 969.990947886   
0.0930509664526 0.000117958919102 807.306158847 -0.504072733333 776.634506648   
0.165242832154 0.0666650042728 0.78025280053 0.400580802506 776.634506648   
0.0930509664526 9.5463467109e-05 807.306158847 -0.47129208 435.882309112   
0.165242832154 0.0675300092578 0.78025280053 0.211033062153 435.882309112   
0.0930509664526 9.12908911228e-05 807.306158847 -0.6058892 368.888004288   
0.165242832154 0.070884083288 0.78025280053 0.322896359521 368.888004288   
0.0930509664526 5.7381492832e-05 807.306158847 -0.25583176 109.952831685   
0.165242832154 0.0698477185425 0.78025280053 0.418631890735 109.952831685   
0.0930509664526 3.3957342496e-05 807.306158847 -0.0935215666667 33.7804502073   
0.165242832154 0.0740543141961 0.78025280053 0.370422295831 33.7804502073   
0.0930509664526 2.87823371726e-05 807.306158847 -0.0318498533333 11.0483681783   
0.165242832154 0.0511052191354 0.78025280053 0.276295331213 11.0483681783   
CALCULATING MATRIX.........n23


finished process
##############################


MATRIX PERMUTATION.....n2

 
MATRIX PERMUTATION.....n3

 
finished process
##############################


MODES.....n2

 
MODES.....n3

 
finished process
##############################


MODES.....n2

 
MODES.....n3

 
finished process 




