

RMS_L1= 0.000374818385826
RMS_L2= 0.00312956550703

RMS_L1= 0.000236907984247
RMS_L2= 0.000894174415804
0.0374818385826 4.55798942708e-05 901.252441644 -0.42224438 253.627116819   
0.0312956550703 0.0348830357166 0.532766581126 0.385574376793 253.627116819   
0.0374818385826 4.25493192899e-05 901.252441644 -0.564444093333 204.468799949   
0.0312956550703 0.0382619026062 0.532766581126 0.235880298381 204.468799949   
0.0374818385826 3.80710620035e-05 901.252441644 -0.448063086667 115.248696125   
0.0312956550703 0.0277173945088 0.532766581126 0.0743167118633 115.248696125   
0.0374818385826 3.71234582004e-05 901.252441644 -0.5085036 97.4035352584   
0.0312956550703 0.00436213752066 0.532766581126 -0.370370182457 97.4035352584   
0.0374818385826 2.8425239994e-05 901.252441644 -0.195915846667 28.7990946251   
0.0312956550703 0.00696986462851 0.532766581126 -0.28267514819 28.7990946251   
0.0374818385826 6.66634427611e-07 901.252441644 -0.0688333266667 8.78620143758   
0.0312956550703 0.0103007564486 0.532766581126 -0.213425347011 8.78620143758   
0.0374818385826 0.0 901.252441644 -0.0255666666667 3.14350656212   
0.0312956550703 0.0136434095156 0.532766581126 -0.156583918757 3.14350656212   
0.0236907984247 0.000312201299094 87.8689341003 0.287909713333 253.627116819   
0.00894174415804 0.0692330887463 0.0222795354295 0.444990364251 253.627116819   
0.0236907984247 0.000271924466558 87.8689341003 0.5092892 204.468799949   
0.00894174415804 0.0943487062239 0.0222795354295 0.667405191698 204.468799949   
0.0236907984247 0.0002184378713 87.8689341003 0.47325842 115.248696125   
0.00894174415804 0.0139586504986 0.0222795354295 0.643934280104 115.248696125   
0.0236907984247 0.000205903467723 87.8689341003 0.60184508 97.4035352584   
0.00894174415804 0.0876210995849 0.0222795354295 0.45052819747 97.4035352584   
0.0236907984247 0.0001267289515 87.8689341003 0.24971278 28.7990946251   
0.00894174415804 0.0619782517183 0.0222795354295 0.185150547599 28.7990946251   
0.0236907984247 6.6553460872e-05 87.8689341003 0.08999382 8.78620143758   
0.00894174415804 0.0893827998206 0.0222795354295 0.319195150225 8.78620143758   
0.0236907984247 4.17953272221e-05 87.8689341003 0.03294778 3.14350656212   
0.00894174415804 0.0646682481253 0.0222795354295 0.149957456278 3.14350656212   
CALCULATING MATRIX.........n23


finished process
##############################


MATRIX PERMUTATION.....n2

 
MATRIX PERMUTATION.....n3

 
finished process
##############################


MODES.....n2

 
MODES.....n3

 
finished process
##############################


MODES.....n2

 
MODES.....n3

 
finished process 




