

RMS_L1= 0.00162211901274
RMS_L2= 0.0131872316595

RMS_L1= 0.00144321827407
RMS_L2= 0.0127564516116
0.162211901274 0.00227409167178 79.1761753677 -0.375519526667 1719.07160647   
0.131872316595 0.0567147877612 1.1741361965 0.398550381117 1719.07160647   
0.162211901274 0.00192643537272 79.1761753677 -0.550465146667 1382.79330846   
0.131872316595 0.0534663965608 1.1741361965 0.324883079578 1382.79330846   
0.162211901274 0.00162658306398 79.1761753677 -0.448787246667 782.978700083   
0.131872316595 0.0660645678764 1.1741361965 0.276316971799 782.978700083   
0.162211901274 0.00155473121057 79.1761753677 -0.533750646667 673.665422628   
0.131872316595 0.0515860073852 1.1741361965 0.273124408396 673.665422628   
0.162211901274 0.000923085625004 79.1761753677 -0.2383102 205.852629187   
0.131872316595 0.0494507016145 1.1741361965 0.234356173019 205.852629187   
0.162211901274 0.000499775438954 79.1761753677 -0.10317878 64.4225200249   
0.131872316595 0.0468807121197 1.1741361965 0.184665928575 64.4225200249   
0.162211901274 0.000273852431878 79.1761753677 -0.0471243666667 21.1816469105   
0.131872316595 0.0234266504332 1.1741361965 0.0763489015939 21.1816469105   
0.144321827407 0.000633179714713 269.982169492 0.287025066667 1719.07160647   
0.127564516116 0.206091354853 0.521559316513 -0.0982167440428 1719.07160647   
0.144321827407 0.000542518994518 269.982169492 0.496455946667 1382.79330846   
0.127564516116 0.184676887662 0.521559316513 0.172192128003 1382.79330846   
0.144321827407 0.000438084807116 269.982169492 0.46617178 782.978700083   
0.127564516116 0.149903171234 0.521559316513 -0.128277379859 782.978700083   
0.144321827407 0.000398621173515 269.982169492 0.611152066667 673.665422628   
0.127564516116 0.154434823076 0.521559316513 0.06536733164 673.665422628   
0.144321827407 0.000255749930423 269.982169492 0.264023906667 205.852629187   
0.127564516116 0.196377241758 0.521559316513 0.379160545493 205.852629187   
0.144321827407 0.000135746703811 269.982169492 0.0975864866667 64.4225200249   
0.127564516116 0.142660820574 0.521559316513 0.225341072832 64.4225200249   
0.144321827407 7.39042395436e-05 269.982169492 0.0330435066667 21.1816469105   
0.127564516116 0.10371141401 0.521559316513 0.181382613208 21.1816469105   
CALCULATING MATRIX.........n23


finished process
##############################


MATRIX PERMUTATION.....n2

 
MATRIX PERMUTATION.....n3

 
finished process
##############################


MODES.....n2

 
MODES.....n3

 
finished process
##############################


MODES.....n2

 
MODES.....n3

 
finished process 




