

RMS_L1= 0.000639207813953
RMS_L2= 0.00591553653872

RMS_L1= 0.000390711816583
RMS_L2= 0.00396813534297
0.0639207813953 3.98806212963e-05 1798.49366129 -0.421172793333 417.602934428   
0.0591553653872 0.0864960406165 0.783371015477 0.397157596259 417.602934428   
0.0639207813953 3.70869479059e-05 1798.49366129 -0.563446126667 335.721512591   
0.0591553653872 0.076676926168 0.783371015477 0.228255896294 335.721512591   
0.0639207813953 3.50728783279e-05 1798.49366129 -0.448205426667 188.867744208   
0.0591553653872 0.0433196588599 0.783371015477 -0.0519222864272 188.867744208   
0.0639207813953 3.48354220373e-05 1798.49366129 -0.510001266667 159.594460742   
0.0591553653872 0.0563716256262 0.783371015477 -0.157649160479 159.594460742   
0.0639207813953 2.66366199166e-05 1798.49366129 -0.196953373333 47.2938880943   
0.0591553653872 0.0324930901464 0.783371015477 -0.344765841085 47.2938880943   
0.0639207813953 0.0 1798.49366129 -0.0692333333333 14.4531402345   
0.0591553653872 0.0259194075071 0.783371015477 -0.205494051795 14.4531402345   
0.0639207813953 1.50151094272e-05 1798.49366129 -0.0239035733333 4.81608195441   
0.0591553653872 0.0180992433054 0.783371015477 -0.132178935165 4.81608195441   
0.0390711816583 0.000218536615811 210.839431476 -0.287532406667 417.602934428   
0.0396813534297 0.137629928537 0.123333578516 0.276307612049 417.602934428   
0.0390711816583 0.000188952370988 210.839431476 -0.50832182 335.721512591   
0.0396813534297 0.125100392537 0.123333578516 0.22073751049 335.721512591   
0.0390711816583 0.000153441300782 210.839431476 -0.472632873333 188.867744208   
0.0396813534297 0.100918357627 0.123333578516 0.219069918758 188.867744208   
0.0390711816583 0.00014341946927 210.839431476 -0.60256344 159.594460742   
0.0396813534297 0.125677627019 0.123333578516 0.210894384942 159.594460742   
0.0390711816583 8.84509164988e-05 210.839431476 -0.25140476 47.2938880943   
0.0396813534297 0.114136432757 0.123333578516 0.149390006353 47.2938880943   
0.0390711816583 4.81268578298e-05 210.839431476 -0.0910405 14.4531402345   
0.0396813534297 0.102035600567 0.123333578516 0.0950454019565 14.4531402345   
0.0390711816583 3.18536207536e-05 210.839431476 -0.0312536533333 4.81608195441   
0.0396813534297 0.0927790403786 0.123333578516 0.120030583684 4.81608195441   
CALCULATING MATRIX.........n23


finished process
##############################


MATRIX PERMUTATION.....n2

 
MATRIX PERMUTATION.....n3

 
finished process
##############################


MODES.....n2

 
MODES.....n3

 
finished process
##############################


MODES.....n2

 
MODES.....n3

 
finished process 




