

RMS_L1= 0.00173015012562
RMS_L2= 0.0126350817004

RMS_L1= 0.00131998295841
RMS_L2= 0.0124598028389
0.173015012562 7.53038481423e-05 2440.11123163 -0.415673626667 1428.56349549   
0.126350817004 0.105666802481 1.47301722423 0.29439430737 1428.56349549   
0.173015012562 6.77791700298e-05 2440.11123163 -0.55846586 1143.48788702   
0.126350817004 0.103630224904 1.47301722423 0.0350065688669 1143.48788702   
0.173015012562 5.82048500098e-05 2440.11123163 -0.4485808 642.630556366   
0.126350817004 0.0652406806509 1.47301722423 0.292984024423 642.630556366   
0.173015012562 5.78002678952e-05 2440.11123163 -0.516884013333 546.249609373   
0.126350817004 0.152493107321 1.47301722423 -0.135566717071 546.249609373   
0.173015012562 3.62599772033e-05 2440.11123163 -0.202729026667 164.097451404   
0.126350817004 0.155519385367 1.47301722423 -0.197381254481 164.097451404   
0.173015012562 2.43841988937e-05 2440.11123163 -0.07224392 50.7264792732   
0.126350817004 0.154140748296 1.47301722423 -0.23690053135 50.7264792732   
0.173015012562 2.30700565904e-05 2440.11123163 -0.0248426066667 16.6139333789   
0.126350817004 0.0713891552227 1.47301722423 -0.179392207824 16.6139333789   
0.131998295841 0.000140066873769 1099.78921006 -0.284335426667 1428.56349549   
0.124598028389 0.114278896837 0.319964585904 -0.374633237218 1428.56349549   
0.131998295841 0.000120989420172 1099.78921006 -0.500754346667 1143.48788702   
0.124598028389 0.0939636035366 0.319964585904 -0.391207948448 1143.48788702   
0.131998295841 0.000100037359355 1099.78921006 -0.469858046667 642.630556366   
0.124598028389 0.115971935462 0.319964585904 -0.280527711807 642.630556366   
0.131998295841 9.48578538986e-05 1099.78921006 -0.608362073333 546.249609373   
0.124598028389 0.134575359859 0.319964585904 -0.26341414144 546.249609373   
0.131998295841 5.95516745021e-05 1099.78921006 -0.25939244 164.097451404   
0.124598028389 0.0990955446139 0.319964585904 -0.206816248949 164.097451404   
0.131998295841 3.39378674587e-05 1099.78921006 -0.09569784 50.7264792732   
0.124598028389 0.0769082533072 0.319964585904 -0.272521999623 50.7264792732   
0.131998295841 2.75167149167e-05 1099.78921006 -0.0329521466667 16.6139333789   
0.124598028389 0.0519492405405 0.319964585904 -0.147981611149 16.6139333789   
CALCULATING MATRIX.........n23


finished process
##############################


MATRIX PERMUTATION.....n2

 
MATRIX PERMUTATION.....n3

 
finished process
##############################


MODES.....n2

 
MODES.....n3

 
finished process
##############################


MODES.....n2

 
MODES.....n3

 
finished process 




