

RMS_L1= 0.000988223641628
RMS_L2= 0.00687134239209

RMS_L1= 0.000613587120561
RMS_L2= 0.00580429604094
0.0988223641628 3.82323641274e-05 2941.68826534 -0.42000486 647.964730325   
0.0687134239209 0.0588049146548 0.874931984421 0.400354890446 647.964730325   
0.0988223641628 3.60959469344e-05 2941.68826534 -0.56240044 519.705992825   
0.0687134239209 0.0542686455741 0.874931984421 0.378386428649 519.705992825   
0.0988223641628 3.42592931281e-05 2941.68826534 -0.44820242 291.898611025   
0.0687134239209 0.0406479298664 0.874931984421 0.126178555048 291.898611025   
0.0988223641628 3.43408284261e-05 2941.68826534 -0.511598926667 246.748536325   
0.0687134239209 0.0141117859419 0.874931984421 -0.28104913836 246.748536325   
0.0988223641628 1.20222589636e-05 2941.68826534 -0.198102086667 73.2913321   
0.0687134239209 0.00479529133239 0.874931984421 -0.204888652171 73.2913321   
0.0988223641628 3.25226649296e-05 2941.68826534 -0.0698073066667 22.4504275088   
0.0687134239209 0.020692474028 0.874931984421 -0.254829209073 22.4504275088   
0.0988223641628 2.33381899696e-05 2941.68826534 -0.0237571333333 7.35763326325   
0.0687134239209 0.017379962553 0.874931984421 -0.195082354849 7.35763326325   
0.0613587120561 0.000160303644606 439.668016049 -0.286498813333 647.964730325   
0.0580429604094 0.177172670833 0.161322956441 0.00756764941591 647.964730325   
0.0613587120561 0.000141845919766 439.668016049 -0.50649714 519.705992825   
0.0580429604094 0.138324459001 0.161322956441 -0.0446601922692 519.705992825   
0.0613587120561 0.000116560670834 439.668016049 -0.472003566667 291.898611025   
0.0580429604094 0.0822596394069 0.161322956441 0.0170947536091 291.898611025   
0.0613587120561 0.000108010599485 439.668016049 -0.604030146667 246.748536325   
0.0580429604094 0.0952581140162 0.161322956441 -0.271065335633 246.748536325   
0.0613587120561 6.74935487989e-05 439.668016049 -0.253457913333 73.2913321   
0.0580429604094 0.111432255654 0.161322956441 -0.152895413972 73.2913321   
0.0613587120561 3.78878907663e-05 439.668016049 -0.0922924533333 22.4504275088   
0.0580429604094 0.0885032605256 0.161322956441 -0.191841193213 22.4504275088   
0.0613587120561 1.99927809173e-05 439.668016049 -0.03130576 7.35763326325   
0.0580429604094 0.0649558182544 0.161322956441 -0.165790161701 7.35763326325   
CALCULATING MATRIX.........n23


finished process
##############################


MATRIX PERMUTATION.....n2

 
MATRIX PERMUTATION.....n3

 
finished process
##############################


MODES.....n2

 
MODES.....n3

 
finished process
##############################


MODES.....n2

 
MODES.....n3

 
finished process 




