

RMS_L1= 0.00173691739386
RMS_L2= 0.0161114347945

RMS_L1= 0.00143457067275
RMS_L2= 0.0123603411198
0.173691739386 0.000120810301115 1517.28821363 -0.414335733333 1574.02772005   
0.161114347945 0.214375331729 1.44090000286 0.426539894325 1574.02772005   
0.173691739386 0.000106452650582 1517.28821363 -0.556865586667 1260.3856196   
0.161114347945 0.199509821466 1.44090000286 0.0920995230665 1260.3856196   
0.173691739386 9.1350595822e-05 1517.28821363 -0.448384253333 709.007242944   
0.161114347945 0.132658067775 1.44090000286 -0.0510879845684 709.007242944   
0.173691739386 8.81066101739e-05 1517.28821363 -0.518766086667 603.881379341   
0.161114347945 0.083584736132 1.44090000286 -0.255734937459 603.881379341   
0.173691739386 5.18753910571e-05 1517.28821363 -0.204900706667 182.00466282   
0.161114347945 0.146632716242 1.44090000286 -0.366780244487 182.00466282   
0.173691739386 3.28706387016e-05 1517.28821363 -0.0736104333333 56.3987493827   
0.161114347945 0.094957656776 1.44090000286 -0.328650214117 56.3987493827   
0.173691739386 6.80663401859e-06 1517.28821363 -0.0256339133333 18.4828098409   
0.161114347945 0.0506885391374 1.44090000286 -0.21428967259 18.4828098409   
0.143457067275 0.000155276718682 1067.64280828 -0.284222613333 1574.02772005   
0.123603411198 0.0544333051372 0.211101937466 0.641176729974 1574.02772005   
0.143457067275 0.000135320882477 1067.64280828 -0.499411786667 1260.3856196   
0.123603411198 0.0485917641384 0.211101937466 0.681094337562 1260.3856196   
0.143457067275 0.000110918331422 1067.64280828 -0.469021853333 709.007242944   
0.123603411198 0.0458458418875 0.211101937466 0.663571707337 709.007242944   
0.143457067275 0.000103910084499 1067.64280828 -0.6093065 603.881379341   
0.123603411198 0.00765751407701 0.211101937466 0.423915172382 603.881379341   
0.143457067275 6.6387516675e-05 1067.64280828 -0.260965093333 182.00466282   
0.123603411198 0.00412184613259 0.211101937466 0.260390233382 182.00466282   
0.143457067275 3.78490827368e-05 1067.64280828 -0.09671556 56.3987493827   
0.123603411198 3.90534994459e-06 0.211101937466 0.220899999887 56.3987493827   
0.143457067275 2.46833673256e-05 1067.64280828 -0.0333558933333 18.4828098409   
0.123603411198 1.85204863149e-05 0.211101937466 0.203366663573 18.4828098409   
CALCULATING MATRIX.........n23


finished process
##############################


MATRIX PERMUTATION.....n2

 
MATRIX PERMUTATION.....n3

 
finished process
##############################


MODES.....n2

 
MODES.....n3

 
finished process
##############################


MODES.....n2

 
MODES.....n3

 
finished process 




