

RMS_L1= 0.00019996683206
RMS_L2= 0.00092222191711

RMS_L1= 0.000132893846666
RMS_L2= 0.00193326346688
0.019996683206 5.91288731833e-05 362.972022496 -0.42293458 141.457358588   
0.0092222191711 0.0275953800275 0.33172197931 -0.320209651802 141.457358588   
0.019996683206 5.35340853705e-05 362.972022496 -0.565195113333 114.350121287   
0.0092222191711 0.0242815754222 0.33172197931 -0.340055061383 114.350121287   
0.019996683206 4.58555100008e-05 362.972022496 -0.447906213333 64.571404086   
0.0092222191711 0.0217114059145 0.33172197931 -0.248903310748 64.571404086   
0.019996683206 4.5550804287e-05 362.972022496 -0.507196906667 54.5673281963   
0.0092222191711 0.0 0.33172197931 0.0 54.5673281963   
0.019996683206 2.5905812304e-05 362.972022496 -0.19484 16.0885621766   
0.0092222191711 0.0 0.33172197931 0.0 16.0885621766   
0.019996683206 6.2275518279e-06 362.972022496 -0.0698339066667 4.98660475797   
0.0092222191711 0.0 0.33172197931 0.0 4.98660475797   
0.019996683206 3.29272253991e-10 362.972022496 -0.0311666666667 2.13816976736   
0.0092222191711 0.0 0.33172197931 0.0 2.13816976736   
0.0132893846666 0.00051394816441 30.3832827199 0.28982224 141.457358588   
0.0193326346688 0.142932881078 0.0654222498652 -0.320628588694 141.457358588   
0.0132893846666 0.000441525705575 30.3832827199 0.512258953333 114.350121287   
0.0193326346688 0.080751924555 0.0654222498652 -0.223285440373 114.350121287   
0.0132893846666 0.000355793792056 30.3832827199 0.473119093333 64.571404086   
0.0193326346688 0.102831025642 0.0654222498652 -0.255147808652 64.571404086   
0.0132893846666 0.000332717928034 30.3832827199 0.599108386667 54.5673281963   
0.0193326346688 0.092690033203 0.0654222498652 -0.126980879879 54.5673281963   
0.0132893846666 0.000202031677839 30.3832827199 0.247133033333 16.0885621766   
0.0193326346688 0.110618277522 0.0654222498652 -0.16833017055 16.0885621766   
0.0132893846666 0.000106560433774 30.3832827199 0.0906040533333 4.98660475797   
0.0193326346688 0.07876584341 0.0654222498652 -0.202571434834 4.98660475797   
0.0132893846666 7.59751348207e-05 30.3832827199 0.0391983 2.13816976736   
0.0193326346688 0.0850302251741 0.0654222498652 -0.083804440789 2.13816976736   
CALCULATING MATRIX.........n23


finished process
##############################


MATRIX PERMUTATION.....n2

 
MATRIX PERMUTATION.....n3

 
finished process
##############################


MODES.....n2

 
MODES.....n3

 
finished process
##############################


MODES.....n2

 
MODES.....n3

 
finished process 




