

MEAN_L1= 2.4038896557e-05
MEAN_L2= 0.000227247435782

MEAN_L1= 1.84702707811e-05
MEAN_L2= 0.000215856702153
0.0024038896557 0.000104407992572 2440.2769059 -0.415849713333 1428.59389455   
0.00227247435782 0.12367252442 2.04684275203 -0.627806861567 1428.59389455   
0.0024038896557 9.25727767218e-05 2440.2769059 -0.55883074 1143.50237583   
0.00227247435782 0.148990315022 2.04684275203 -0.24835051395 1143.50237583   
0.0024038896557 7.90019252657e-05 2440.2769059 -0.448185226667 642.646283792   
0.00227247435782 0.0889129137527 2.04684275203 0.24024237752 642.646283792   
0.0024038896557 7.83099159899e-05 2440.2769059 -0.51675004 546.257844794   
0.00227247435782 0.10060794867 2.04684275203 0.336861667334 546.257844794   
0.0024038896557 4.58475851737e-05 2440.2769059 -0.202568826667 164.102440324   
0.00227247435782 0.055689469288 2.04684275203 0.471132318783 164.102440324   
0.0024038896557 3.14550479779e-05 2440.2769059 -0.0722782866667 50.7309328094   
0.00227247435782 0.0477295560045 2.04684275203 0.268879315178 50.7309328094   
0.0024038896557 3.33314606152e-05 2440.2769059 -0.0248663133333 16.6133515691   
0.00227247435782 0.0282904967573 2.04684275203 0.130483787211 16.6133515691   
0.00184702707811 0.00019491590933 1100.2438377 -0.283997373333 1428.59389455   
0.00215856702153 0.180293547467 0.303165385262 0.814607085861 1428.59389455   
0.00184702707811 0.00017215119651 1100.2438377 -0.500669566667 1143.50237583   
0.00215856702153 0.206636212342 0.303165385262 0.0307271961758 1143.50237583   
0.00184702707811 0.000138827146793 1100.2438377 -0.470069633333 642.646283792   
0.00215856702153 0.241428503475 0.303165385262 -0.0600786725501 642.646283792   
0.00184702707811 0.000130393439907 1100.2438377 -0.608391093333 546.257844794   
0.00215856702153 0.209709679767 0.303165385262 -0.236777999632 546.257844794   
0.00184702707811 8.25508262147e-05 1100.2438377 -0.2594385 164.102440324   
0.00215856702153 0.116311537588 0.303165385262 -0.254297403935 164.102440324   
0.00184702707811 4.52633656492e-05 1100.2438377 -0.0958037866667 50.7309328094   
0.00215856702153 0.0635200446228 0.303165385262 -0.053546096709 50.7309328094   
0.00184702707811 3.20364785088e-05 1100.2438377 -0.0329234733333 16.6133515691   
0.00215856702153 0.05540308881 0.303165385262 -0.100798253355 16.6133515691   
CALCULATING MATRIX.........n23


finished process
##############################


MATRIX PERMUTATION.....n2

 
MATRIX PERMUTATION.....n3

 
finished process
##############################


MODES.....n2

 
MODES.....n3

 
finished process
##############################


MODES.....n2

 
MODES.....n3

 
finished process 




