

MEAN_L1= 2.48129199689e-05
MEAN_L2= 0.000203229711141

MEAN_L1= 2.04023032904e-05
MEAN_L2= 0.000113738584152
0.00248129199689 0.000171371448108 1516.66663528 -0.414298733333 1574.00116494   
0.00203229711141 0.185831864321 1.56138429875 -0.473349459114 1574.00116494   
0.00248129199689 0.000152337622181 1516.66663528 -0.5572594 1260.36536802   
0.00203229711141 0.180252867211 1.56138429875 -0.368120741786 1260.36536802   
0.00248129199689 0.000127861863769 1516.66663528 -0.448219293333 709.012339742   
0.00203229711141 0.117082195938 1.56138429875 0.116152939596 709.012339742   
0.00248129199689 0.000126452786404 1516.66663528 -0.51855522 603.889318543   
0.00203229711141 0.0780263492481 1.56138429875 0.440483188873 603.889318543   
0.00248129199689 7.20297469172e-05 1516.66663528 -0.204732933333 182.004884139   
0.00203229711141 0.0945262928389 1.56138429875 0.456575327555 182.004884139   
0.00248129199689 4.04586065599e-05 1516.66663528 -0.0737805066667 56.4026885909   
0.00203229711141 0.0599227911635 1.56138429875 0.318330457569 56.4026885909   
0.00248129199689 3.09095821167e-05 1516.66663528 -0.0256792866667 18.4833354887   
0.00203229711141 0.040713581551 1.56138429875 0.148696532957 18.4833354887   
0.00204023032904 0.000221204448344 1067.41172481 -0.284504073333 1574.00116494   
0.00113738584152 0.235719659849 0.354528135291 0.731844765398 1574.00116494   
0.00204023032904 0.000194350109625 1067.41172481 -0.49911648 1260.36536802   
0.00113738584152 0.33269444503 0.354528135291 -0.148159124255 1260.36536802   
0.00204023032904 0.000158630362668 1067.41172481 -0.469542853333 709.012339742   
0.00113738584152 0.237810809518 0.354528135291 -0.280120579245 709.012339742   
0.00204023032904 0.000145849141297 1067.41172481 -0.609146833333 603.889318543   
0.00113738584152 0.208056673323 0.354528135291 -0.0176119287788 603.889318543   
0.00204023032904 9.176413329e-05 1067.41172481 -0.26063596 182.004884139   
0.00113738584152 0.237432373293 0.354528135291 0.0646413036833 182.004884139   
0.00204023032904 5.02092470519e-05 1067.41172481 -0.0967603133333 56.4026885909   
0.00113738584152 0.134615541492 0.354528135291 -0.0803761424423 56.4026885909   
0.00204023032904 3.32888342872e-05 1067.41172481 -0.0333929866667 18.4833354887   
0.00113738584152 0.106906442791 0.354528135291 -0.0319371924194 18.4833354887   
CALCULATING MATRIX.........n23


finished process
##############################


MATRIX PERMUTATION.....n2

 
MATRIX PERMUTATION.....n3

 
finished process
##############################


MODES.....n2

 
MODES.....n3

 
finished process
##############################


MODES.....n2

 
MODES.....n3

 
finished process 




