

MEAN_L1= 1.87716496849e-05
MEAN_L2= 0.000110064456189

MEAN_L1= 1.24980720763e-05
MEAN_L2= 0.000194461395944
0.00187716496849 5.36015903078e-05 3750.99328745 -0.41832172 969.953260866   
0.00110064456189 0.140121232047 1.10770269969 -0.33312829597 969.953260866   
0.00187716496849 4.90063375921e-05 3750.99328745 -0.560924786667 776.590324282   
0.00110064456189 0.118510577351 1.10770269969 -0.312069182012 776.590324282   
0.00187716496849 4.32398856406e-05 3750.99328745 -0.448418633333 435.860470661   
0.00110064456189 0.109993429327 1.10770269969 -0.163273071791 435.860470661   
0.00187716496849 4.29944892976e-05 3750.99328745 -0.513619053333 368.878921321   
0.00110064456189 0.0946997213848 1.10770269969 0.498829576995 368.878921321   
0.00187716496849 2.66258011537e-05 3750.99328745 -0.199821673333 109.946073257   
0.00110064456189 0.077645729139 1.10770269969 0.488681965572 109.946073257   
0.00187716496849 9.58118289904e-06 3750.99328745 -0.0705680733333 33.7756739863   
0.00110064456189 0.0602695037506 1.10770269969 0.402436409127 33.7756739863   
0.00187716496849 0.0 3750.99328745 -0.0240333333333 11.0482574342   
0.00110064456189 0.0351297104115 1.10770269969 0.223032139045 11.0482574342   
0.00124980720763 0.000176893423055 808.157524131 -0.285699153333 969.953260866   
0.00194461395944 0.130376242267 0.806506330125 0.677864024981 969.953260866   
0.00124980720763 0.000154090668969 808.157524131 -0.504273726667 776.590324282   
0.00194461395944 0.126082653025 0.806506330125 -0.583493988578 776.590324282   
0.00124980720763 0.000125479130357 808.157524131 -0.471367233333 435.860470661   
0.00194461395944 0.122704676047 0.806506330125 0.329314373977 435.860470661   
0.00124980720763 0.000119982795043 808.157524131 -0.605668906667 368.878921321   
0.00194461395944 0.136497240581 0.806506330125 -0.0844406205123 368.878921321   
0.00124980720763 7.47570598601e-05 808.157524131 -0.255560426667 109.946073257   
0.00194461395944 0.0830184113824 0.806506330125 -0.0315953144308 109.946073257   
0.00124980720763 4.12758519615e-05 808.157524131 -0.09344686 33.7756739863   
0.00194461395944 0.050552042018 0.806506330125 0.0646555889523 33.7756739863   
0.00124980720763 3.12359650262e-05 808.157524131 -0.0319215066667 11.0482574342   
0.00194461395944 0.0331968957077 0.806506330125 -0.0463163243496 11.0482574342   
CALCULATING MATRIX.........n23


finished process
##############################


MATRIX PERMUTATION.....n2

 
MATRIX PERMUTATION.....n3

 
finished process
##############################


MODES.....n2

 
MODES.....n3

 
finished process
##############################


MODES.....n2

 
MODES.....n3

 
finished process 




