

MEAN_L1= 2.69202614661e-06
MEAN_L2= 1.99175300899e-05

MEAN_L1= 1.77607506298e-06
MEAN_L2= 3.49904623491e-05
0.000269202614661 7.5761543041e-05 362.981717918 -0.422902253333 141.460756288   
0.000199175300899 0.15233962854 0.331580245405 -0.57001618819 141.460756288   
0.000269202614661 6.90037809686e-05 362.981717918 -0.565263793333 114.342839481   
0.000199175300899 0.127055261592 0.331580245405 -0.201779150412 114.342839481   
0.000269202614661 5.96355012842e-05 362.981717918 -0.44778356 64.5756624972   
0.000199175300899 0.0760211129798 0.331580245405 0.124717958721 64.5756624972   
0.000269202614661 5.96328176101e-05 362.981717918 -0.507215126667 54.566373118   
0.000199175300899 0.0544065680706 0.331580245405 0.354594628389 54.566373118   
0.000269202614661 3.56454041593e-05 362.981717918 -0.19494864 16.0872185736   
0.000199175300899 0.0735506235163 0.331580245405 0.421425237571 16.0872185736   
0.000269202614661 9.91071016892e-06 362.981717918 -0.06983334 4.98729810677   
0.000199175300899 0.0656659449094 0.331580245405 0.392033566737 4.98729810677   
0.000269202614661 1.60163458121e-05 362.981717918 -0.0311707666667 2.13837498754   
0.000199175300899 0.0584945577289 0.331580245405 0.317099273115 2.13837498754   
0.000177607506298 0.000686690246784 30.3816766548 0.291530126667 141.460756288   
0.000349904623491 0.0761349772824 0.157368651762 0.887004043037 141.460756288   
0.000177607506298 0.000585525368159 30.3816766548 0.51118216 114.342839481   
0.000349904623491 0.130450527495 0.157368651762 -0.305148730286 114.342839481   
0.000177607506298 0.000478261562912 30.3816766548 0.47403892 64.5756624972   
0.000349904623491 0.135628040294 0.157368651762 -0.0582584803528 64.5756624972   
0.000177607506298 0.000442465465626 30.3816766548 0.598336646667 54.566373118   
0.000349904623491 0.132780662694 0.157368651762 -0.171385097567 54.566373118   
0.000177607506298 0.000269703115825 30.3816766548 0.247605793333 16.0872185736   
0.000349904623491 0.0852520129151 0.157368651762 0.0759447808073 16.0872185736   
0.000177607506298 0.00014328013647 30.3816766548 0.0902972266667 4.98729810677   
0.000349904623491 0.0601013768326 0.157368651762 0.0748266573109 4.98729810677   
0.000177607506298 0.000100216433338 30.3816766548 0.03898924 2.13837498754   
0.000349904623491 0.0602521855834 0.157368651762 0.0512260024058 2.13837498754   
CALCULATING MATRIX.........n23


finished process
##############################


MATRIX PERMUTATION.....n2

 
MATRIX PERMUTATION.....n3

 
finished process
##############################


MODES.....n2

 
MODES.....n3

 
finished process
##############################


MODES.....n2

 
MODES.....n3

 
finished process 




