

MEAN_L1= 2.32615709137e-05
MEAN_L2= 0.000269099428537

MEAN_L1= 2.07141934258e-05
MEAN_L2= 0.000318544019831
0.00232615709137 0.00334758309837 78.4585075926 -0.38507122 1719.07245715   
0.00269099428537 0.0765784830026 2.50399912771 0.630798466667 1719.07245715   
0.00232615709137 0.00279365302512 78.4585075926 -0.54762262 1382.801998   
0.00269099428537 0.0751457565482 2.50399912771 0.3895587 1382.801998   
0.00232615709137 0.00236095817649 78.4585075926 -0.447924093333 782.975861669   
0.00269099428537 0.0749940701347 2.50399912771 -0.206301553333 782.975861669   
0.00232615709137 0.00228565228191 78.4585075926 -0.53089286 673.663357535   
0.00269099428537 0.0538701828556 2.50399912771 -0.51706354 673.663357535   
0.00232615709137 0.0013417694803 78.4585075926 -0.235621113333 205.859534737   
0.00269099428537 0.0536964495451 2.50399912771 -0.30054288 205.859534737   
0.00232615709137 0.000725293275363 78.4585075926 -0.10699744 64.4230324519   
0.00269099428537 0.0286982641925 2.50399912771 -0.129958373333 64.4230324519   
0.00232615709137 0.000392466048072 78.4585075926 -0.0484610333333 21.1792641335   
0.00269099428537 0.0177911570284 2.50399912771 -0.09563468 21.1792641335   
0.00207141934258 0.000898606946584 270.162823011 0.28471666 1719.07245715   
0.00318544019831 0.269192019577 0.814152709126 -0.536295872508 1719.07245715   
0.00207141934258 0.000784305765831 270.162823011 0.495743726667 1382.801998   
0.00318544019831 0.341103384763 0.814152709126 -0.252043688738 1382.801998   
0.00207141934258 0.000613168535174 270.162823011 0.46762488 782.975861669   
0.00318544019831 0.13415906368 0.814152709126 0.13085098353 782.975861669   
0.00207141934258 0.000585671958504 270.162823011 0.6116813 673.663357535   
0.00318544019831 0.122810752564 0.814152709126 0.132021450957 673.663357535   
0.00207141934258 0.000367399283631 270.162823011 0.26411392 205.859534737   
0.00318544019831 0.233345350946 0.814152709126 0.372256397946 205.859534737   
0.00207141934258 0.000191026304077 270.162823011 0.0974046733333 64.4230324519   
0.00318544019831 0.222748171799 0.814152709126 0.316063392679 64.4230324519   
0.00207141934258 0.000105629044616 270.162823011 0.03318846 21.1792641335   
0.00318544019831 0.102847806452 0.814152709126 0.198234273521 21.1792641335   
CALCULATING MATRIX.........n23


finished process
##############################


MATRIX PERMUTATION.....n2

 
MATRIX PERMUTATION.....n3

 
finished process
##############################


MODES.....n2

 
MODES.....n3

 
finished process
##############################


MODES.....n2

 
MODES.....n3

 
finished process 




