

MEAN_L1= 1.33037203956e-05
MEAN_L2= 9.2824987239e-05

MEAN_L1= 8.30060223897e-06
MEAN_L2= 9.07252641477e-05
0.00133037203956 4.86930974908e-05 2941.95422856 -0.4200474 647.923661994   
0.00092824987239 0.149671504543 0.882737387755 0.534571091266 647.923661994   
0.00133037203956 4.5301861952e-05 2941.95422856 -0.562271493333 519.667812381   
0.00092824987239 0.194228870188 0.882737387755 0.105127271497 519.667812381   
0.00133037203956 3.98323685878e-05 2941.95422856 -0.448331013333 291.880084297   
0.00092824987239 0.0998078781805 0.882737387755 0.122243880658 291.880084297   
0.00133037203956 3.97718775612e-05 2941.95422856 -0.511619286667 246.722265817   
0.00092824987239 0.094720969513 0.882737387755 -0.399845653203 246.722265817   
0.00133037203956 3.33010510377e-05 2941.95422856 -0.198068133333 73.2871398726   
0.00092824987239 0.0797593990549 0.882737387755 -0.530823753467 73.2871398726   
0.00133037203956 2.82206221001e-05 2941.95422856 -0.0697510733333 22.4489205735   
0.00092824987239 0.0551998823269 0.882737387755 -0.348199438468 22.4489205735   
0.00133037203956 0.0 2941.95422856 -0.0237 7.35642871977   
0.00092824987239 0.036418951355 0.882737387755 -0.188546613896 7.35642871977   
0.000830060223897 0.000219014954686 439.753693545 -0.286726973333 647.923661994   
0.000907252641477 0.242260693309 0.392206739007 0.700875186187 647.923661994   
0.000830060223897 0.00019231001056 439.753693545 -0.506738746667 519.667812381   
0.000907252641477 0.236492976411 0.392206739007 0.0687484787763 519.667812381   
0.000830060223897 0.000154841780209 439.753693545 -0.471636926667 291.880084297   
0.000907252641477 0.204770791641 0.392206739007 0.0789657783121 291.880084297   
0.000830060223897 0.000146614438544 439.753693545 -0.60404508 246.722265817   
0.000907252641477 0.289485786303 0.392206739007 -0.314513044785 246.722265817   
0.000830060223897 8.98677545576e-05 439.753693545 -0.25341734 73.2871398726   
0.000907252641477 0.134823258378 0.392206739007 -0.228166299302 73.2871398726   
0.000830060223897 4.87009395266e-05 439.753693545 -0.0921229733333 22.4489205735   
0.000907252641477 0.120351771655 0.392206739007 -0.232391834486 22.4489205735   
0.000830060223897 2.85577434503e-05 439.753693545 -0.0313755866667 7.35642871977   
0.000907252641477 0.0704429333257 0.392206739007 -0.121867745383 7.35642871977   
CALCULATING MATRIX.........n23


finished process
##############################


MATRIX PERMUTATION.....n2

 
MATRIX PERMUTATION.....n3

 
finished process
##############################


MODES.....n2

 
MODES.....n3

 
finished process
##############################


MODES.....n2

 
MODES.....n3

 
finished process 




