

MEAN_L1= 5.04053937444e-06
MEAN_L2= 3.07313379165e-05

MEAN_L1= 3.15295951629e-06
MEAN_L2= 4.30402347247e-05
0.000504053937444 5.87154813614e-05 901.515786812 -0.42213484 253.621749113   
0.000307313379165 0.152682783136 0.4516793947 0.346198431765 253.621749113   
0.000504053937444 5.42933270774e-05 901.515786812 -0.564567726667 204.466338063   
0.000307313379165 0.119987210634 0.4516793947 0.367242349016 204.466338063   
0.000504053937444 4.76833406705e-05 901.515786812 -0.448118513333 115.250284038   
0.000307313379165 0.0777353720129 0.4516793947 0.0607250784117 115.250284038   
0.000504053937444 4.71687278209e-05 901.515786812 -0.508468 97.4002859936   
0.000307313379165 0.0695153008227 0.4516793947 -0.503322982983 97.4002859936   
0.000504053937444 2.56160746666e-05 901.515786812 -0.195767506667 28.7989510232   
0.000307313379165 0.0557981964479 0.4516793947 -0.475911624958 28.7989510232   
0.000504053937444 3.99279363919e-06 901.515786812 -0.0688330933333 8.78708114574   
0.000307313379165 0.0407909299297 0.4516793947 -0.352093860527 8.78708114574   
0.000504053937444 0.0 901.515786812 -0.0255666666667 3.14293206601   
0.000307313379165 0.0372534725707 0.4516793947 -0.288178745412 3.14293206601   
0.000315295951629 0.000418650281573 87.7753057136 -0.288457553333 253.621749113   
0.000430402347247 0.336957617742 0.104726015754 0.491141790727 253.621749113   
0.000315295951629 0.000368055717306 87.7753057136 -0.509532046667 204.466338063   
0.000430402347247 0.38943723691 0.104726015754 -0.0565638593506 204.466338063   
0.000315295951629 0.000296483271588 87.7753057136 -0.47277558 115.250284038   
0.000430402347247 0.297996578858 0.104726015754 -0.116751439104 115.250284038   
0.000315295951629 0.00027664497083 87.7753057136 -0.6018266 97.4002859936   
0.000430402347247 0.44258047423 0.104726015754 -0.154705529562 97.4002859936   
0.000315295951629 0.000169309079542 87.7753057136 -0.249517326667 28.7989510232   
0.000430402347247 0.272398909348 0.104726015754 0.131090131859 28.7989510232   
0.000315295951629 8.85615657555e-05 87.7753057136 -0.09007768 8.78708114574   
0.000430402347247 0.2454848198 0.104726015754 0.0473815114136 8.78708114574   
0.000315295951629 5.38272029533e-05 87.7753057136 -0.0329287666667 3.14293206601   
0.000430402347247 0.109651645617 0.104726015754 -0.0470860343116 3.14293206601   
CALCULATING MATRIX.........n23


finished process
##############################


MATRIX PERMUTATION.....n2

 
MATRIX PERMUTATION.....n3

 
finished process
##############################


MODES.....n2

 
MODES.....n3

 
finished process
##############################


MODES.....n2

 
MODES.....n3

 
finished process 




