

RMS_L1= 0.000664994509096
RMS_L2= 0.00513508281241

RMS_L1= 0.00044010975107
RMS_L2= 0.00759937995129
0.0664994509096 2.62552397583e-05 3751.55390038 -0.41835432 969.978583504   
0.0513508281241 0.0424689643212 1.2814339005 0.544282946667 969.978583504   
0.0664994509096 1.74886362808e-05 3751.55390038 -0.56090426 776.620913453   
0.0513508281241 0.0434029861936 1.2814339005 0.275898613333 776.620913453   
0.0664994509096 2.19644954625e-05 3751.55390038 -0.448374926667 435.87225657   
0.0513508281241 0.0356663757714 1.2814339005 0.0208735466667 435.87225657   
0.0664994509096 2.55288737995e-05 3751.55390038 -0.513645233333 368.883787289   
0.0513508281241 0.0242695710963 1.2814339005 -0.5342463 368.883787289   
0.0664994509096 1.76321574978e-06 3751.55390038 -0.199766713333 109.952591293   
0.0513508281241 0.0251747975831 1.2814339005 -0.4595976 109.952591293   
0.0664994509096 0.0 3751.55390038 -0.0706333333333 33.7793174144   
0.0513508281241 0.0168587419826 1.2814339005 -0.298750873333 33.7793174144   
0.0664994509096 0.0 3751.55390038 -0.0240333333333 11.0482341154   
0.0513508281241 0.0103136606929 1.2814339005 -0.186349973333 11.0482341154   
0.044010975107 6.46439953147e-05 807.258299794 -0.285516873333 969.978583504   
0.0759937995129 0.301036355777 0.584799367224 0.737443696442 969.978583504   
0.044010975107 5.77719561679e-05 807.258299794 -0.504014366667 776.620913453   
0.0759937995129 0.257893794351 0.584799367224 -0.257626204528 776.620913453   
0.044010975107 4.80107210326e-05 807.258299794 -0.47122814 435.87225657   
0.0759937995129 0.135621261518 0.584799367224 0.102958830983 435.87225657   
0.044010975107 4.6124361961e-05 807.258299794 -0.605905546667 368.883787289   
0.0759937995129 0.140040265093 0.584799367224 -0.239674272282 368.883787289   
0.044010975107 3.45335748876e-05 807.258299794 -0.255932233333 109.952591293   
0.0759937995129 0.240412285763 0.584799367224 0.0435384115235 109.952591293   
0.044010975107 8.43952605723e-06 807.258299794 -0.0935675466667 33.7793174144   
0.0759937995129 0.202101772998 0.584799367224 0.0268867493581 33.7793174144   
0.044010975107 2.49539798618e-05 807.258299794 -0.0318887666667 11.0482341154   
0.0759937995129 0.141385916616 0.584799367224 0.0733040345437 11.0482341154   
CALCULATING MATRIX.........n23


finished process
##############################


MATRIX PERMUTATION.....n2

 
MATRIX PERMUTATION.....n3

 
finished process
##############################


MODES.....n2

 
MODES.....n3

 
finished process
##############################


MODES.....n2

 
MODES.....n3

 
finished process 




