

RMS_L1= 0.00082738814846
RMS_L2= 0.00678443222748

RMS_L1= 0.00067552826796
RMS_L2= 0.00791365004115
0.082738814846 6.03974384983e-05 1517.05816441 -0.41433372 1574.01941568   
0.0678443222748 0.056781846752 1.3843461785 -0.614480373333 1574.01941568   
0.082738814846 5.30843504587e-05 1517.05816441 -0.556739053333 1260.38327537   
0.0678443222748 0.0706347849879 1.3843461785 -0.128251393333 1260.38327537   
0.082738814846 4.67518749674e-05 1517.05816441 -0.448486466667 709.003789051   
0.0678443222748 0.0483967992686 1.3843461785 -0.002253 709.003789051   
0.082738814846 4.50335168814e-05 1517.05816441 -0.518833986667 603.878755151   
0.0678443222748 0.0258976986101 1.3843461785 0.37995096 603.878755151   
0.082738814846 3.35290890069e-05 1517.05816441 -0.204861653333 182.001046762   
0.0678443222748 0.0316299874392 1.3843461785 0.44888652 182.001046762   
0.082738814846 2.60154859832e-05 1517.05816441 -0.07357916 56.3982486413   
0.0678443222748 0.0264625995101 1.3843461785 0.426728566667 56.3982486413   
0.082738814846 9.8868599743e-06 1517.05816441 -0.0256318333333 18.4825578173   
0.0678443222748 0.0166579417449 1.3843461785 0.254551613333 18.4825578173   
0.067552826796 7.5617157253e-05 1067.13599523 -0.284222633333 1574.01941568   
0.0791365004115 0.151184163998 0.369060283247 0.0861523785712 1574.01941568   
0.067552826796 6.68191957051e-05 1067.13599523 -0.499216113333 1260.38327537   
0.0791365004115 0.132557466118 0.369060283247 0.709633213321 1260.38327537   
0.067552826796 5.55987365198e-05 1067.13599523 -0.46899554 709.003789051   
0.0791365004115 0.124745510065 0.369060283247 -0.0998413741374 709.003789051   
0.067552826796 5.2490455501e-05 1067.13599523 -0.609495593333 603.878755151   
0.0791365004115 0.105226588196 0.369060283247 -0.332166946695 603.878755151   
0.067552826796 3.65491449172e-05 1067.13599523 -0.260932933333 182.001046762   
0.0791365004115 0.084073382218 0.369060283247 -0.341595089509 182.001046762   
0.067552826796 3.3247224784e-05 1067.13599523 -0.09673076 56.3982486413   
0.0791365004115 0.0831496531543 0.369060283247 -0.335661542821 56.3982486413   
0.067552826796 3.32662732094e-05 1067.13599523 -0.0333978866667 18.4825578173   
0.0791365004115 0.0534753910323 0.369060283247 -0.235447001367 18.4825578173   
CALCULATING MATRIX.........n23


finished process
##############################


MATRIX PERMUTATION.....n2

 
MATRIX PERMUTATION.....n3

 
finished process
##############################


MODES.....n2

 
MODES.....n3

 
finished process
##############################


MODES.....n2

 
MODES.....n3

 
finished process 




