

RMS_L1= 0.000467345906982
RMS_L2= 0.00336010793383

RMS_L1= 0.000292679606036
RMS_L2= 0.00261086940094
0.0467345906982 3.04978507205e-05 2942.04976961 -0.42008012 647.962448012   
0.0336010793383 0.0445799189075 0.927735066821 -0.45783832 647.962448012   
0.0467345906982 9.99327575251e-06 2942.04976961 -0.5623663 519.701136333   
0.0336010793383 0.0411560190538 0.927735066821 -0.3968603 519.701136333   
0.0467345906982 3.33242057641e-05 2942.04976961 -0.44820078 291.897122907   
0.0336010793383 0.0341268333223 0.927735066821 0.0949936533333 291.897122907   
0.0467345906982 2.83081444302e-05 2942.04976961 -0.5115824 246.743734288   
0.0336010793383 0.0257467582286 0.927735066821 0.491877613333 246.743734288   
0.0467345906982 1.49033496412e-06 2942.04976961 -0.198099966667 73.2922651945   
0.0336010793383 0.0227071833308 0.927735066821 0.470563786667 73.2922651945   
0.0467345906982 1.63049808072e-05 2942.04976961 -0.0697709266667 22.4503665989   
0.0336010793383 0.0169414130968 0.927735066821 0.329980573333 22.4503665989   
0.0467345906982 0.0 2942.04976961 -0.0237666666667 7.35775973812   
0.0336010793383 0.0105732564849 0.927735066821 0.21254956 7.35775973812   
0.0292679606036 7.83135553063e-05 439.630759719 -0.286316353333 647.962448012   
0.0261086940094 0.0263123800498 0.148892325246 0.883927286667 647.962448012   
0.0292679606036 6.88973393015e-05 439.630759719 -0.506597366667 519.701136333   
0.0261086940094 0.0667252015071 0.148892325246 -0.00152571333333 519.701136333   
0.0292679606036 5.6530866752e-05 439.630759719 -0.472017506667 291.897122907   
0.0261086940094 0.0466220415016 0.148892325246 0.05396 291.897122907   
0.0292679606036 5.41958223497e-05 439.630759719 -0.60397822 246.743734288   
0.0261086940094 0.0322525058722 0.148892325246 -0.357696046667 246.743734288   
0.0292679606036 3.58054764961e-05 439.630759719 -0.25357884 73.2922651945   
0.0261086940094 0.0471583637147 0.148892325246 -0.163762533333 73.2922651945   
0.0292679606036 1.7776408853e-05 439.630759719 -0.0922381866667 22.4503665989   
0.0261086940094 0.029673794922 0.148892325246 -0.17154594 22.4503665989   
0.0292679606036 0.0 439.630759719 -0.0313 7.35775973812   
0.0261086940094 0.0209648300991 0.148892325246 -0.140227166667 7.35775973812   
CALCULATING MATRIX.........n23


finished process
##############################


MATRIX PERMUTATION.....n2

 
MATRIX PERMUTATION.....n3

 
finished process
##############################


MODES.....n2

 
MODES.....n3

 
finished process
##############################


MODES.....n2

 
MODES.....n3

 
finished process 




