

RMS_L1= 0.000766403314671
RMS_L2= 0.00737935547735

RMS_L1= 0.00068611675668
RMS_L2= 0.00643306078559
0.0766403314671 0.00105842359094 79.4205311507 -0.377121006667 1719.09080599   
0.0737935547735 0.0374201661876 1.38954769474 0.59741214 1719.09080599   
0.0766403314671 0.000908901031915 79.4205311507 -0.551247246667 1382.80587223   
0.0737935547735 0.0356972730857 1.38954769474 0.349608486667 1382.80587223   
0.0766403314671 0.000780751254109 79.4205311507 -0.449499393333 782.980909005   
0.0737935547735 0.0492876878129 1.38954769474 -0.19154464 782.980909005   
0.0766403314671 0.000728008149394 79.4205311507 -0.531437966667 673.670248574   
0.0737935547735 0.0300143359539 1.38954769474 -0.338675146667 673.670248574   
0.0766403314671 0.000426697701915 79.4205311507 -0.237588066667 205.854831607   
0.0737935547735 0.0274031029501 1.38954769474 -0.445827653333 205.854831607   
0.0766403314671 0.000232399548287 79.4205311507 -0.103654546667 64.4222811168   
0.0737935547735 0.0216361451079 1.38954769474 -0.36352444 64.4222811168   
0.0766403314671 0.000130267149608 79.4205311507 -0.0472777533333 21.1815589553   
0.0737935547735 0.0121152132919 1.38954769474 -0.17663516 21.1815589553   
0.068611675668 0.000300760928597 270.11279529 -0.287725293333 1719.09080599   
0.0643306078559 0.142941743919 0.50387713065 0.244787821475 1719.09080599   
0.068611675668 0.000259736808972 270.11279529 -0.495892826667 1382.80587223   
0.0643306078559 0.191766897058 0.50387713065 0.344909059675 1382.80587223   
0.068611675668 0.000208117955557 270.11279529 -0.4664355 782.980909005   
0.0643306078559 0.307731339936 0.50387713065 0.15461095767 782.980909005   
0.068611675668 0.000193296473341 270.11279529 -0.61105508 673.670248574   
0.0643306078559 0.186178960448 0.50387713065 -0.223522615831 673.670248574   
0.068611675668 0.000122245456317 270.11279529 -0.26412522 205.854831607   
0.0643306078559 0.231538508965 0.50387713065 -0.492390136429 205.854831607   
0.068611675668 6.6502290358e-05 270.11279529 -0.09746974 64.4222811168   
0.0643306078559 0.167969994519 0.50387713065 -0.392988715434 64.4222811168   
0.068611675668 3.86031455243e-05 270.11279529 -0.03302804 21.1815589553   
0.0643306078559 0.116324709846 0.50387713065 -0.261607588645 21.1815589553   
CALCULATING MATRIX.........n23


finished process
##############################


MATRIX PERMUTATION.....n2

 
MATRIX PERMUTATION.....n3

 
finished process
##############################


MODES.....n2

 
MODES.....n3

 
finished process
##############################


MODES.....n2

 
MODES.....n3

 
finished process 




