

RMS_L1= 0.000300346285036
RMS_L2= 0.00261128461485

RMS_L1= 0.000187797773226
RMS_L2= 0.00235224583833
0.0300346285036 3.24799500832e-05 1798.71612112 -0.421192446667 417.605702147   
0.0261128461485 0.0334051209293 0.763972483364 -0.645029913333 417.605702147   
0.0300346285036 2.52465823157e-05 1798.71612112 -0.563488513333 335.724999866   
0.0261128461485 0.0386690619359 0.763972483364 -0.237104013333 335.724999866   
0.0300346285036 1.24601833466e-05 1798.71612112 -0.44816904 188.866355219   
0.0261128461485 0.028501574072 0.763972483364 0.170400866667 188.866355219   
0.0300346285036 6.63177011796e-06 1798.71612112 -0.509966526667 159.596460924   
0.0261128461485 0.0226308594573 0.763972483364 0.421810033333 159.596460924   
0.0300346285036 2.74639937237e-06 1798.71612112 -0.196966553333 47.294582842   
0.0261128461485 0.0220817282945 0.763972483364 0.458807053333 47.294582842   
0.0300346285036 0.0 1798.71612112 -0.0692333333333 14.4531154525   
0.0261128461485 0.0149952029037 0.763972483364 0.284409893333 14.4531154525   
0.0300346285036 1.39656721998e-05 1798.71612112 -0.0239030666667 4.81569944861   
0.0261128461485 0.00965368627756 0.763972483364 0.1569191 4.81569944861   
0.0187797773226 0.000103800944333 210.847996649 -0.287629113333 417.605702147   
0.0235224583833 0.223638822682 0.0969915920754 0.202400645204 417.605702147   
0.0187797773226 9.07650877396e-05 210.847996649 -0.508297433333 335.724999866   
0.0235224583833 0.185162706212 0.0969915920754 0.440600798984 335.724999866   
0.0187797773226 7.47618789729e-05 210.847996649 -0.47262594 188.866355219   
0.0235224583833 0.242147467861 0.0969915920754 0.218544749774 188.866355219   
0.0187797773226 6.99088211654e-05 210.847996649 -0.602503033333 159.596460924   
0.0235224583833 0.158146573743 0.0969915920754 -0.413980660582 159.596460924   
0.0187797773226 4.48715102549e-05 210.847996649 -0.25147426 47.294582842   
0.0235224583833 0.18078951399 0.0969915920754 -0.397149169258 47.294582842   
0.0187797773226 2.55280578257e-05 210.847996649 -0.0911092066667 14.4531154525   
0.0235224583833 0.104604088898 0.0969915920754 -0.305668194431 14.4531154525   
0.0187797773226 2.63516021037e-05 210.847996649 -0.0312462533333 4.81569944861   
0.0235224583833 0.11076310552 0.0969915920754 -0.266011042022 4.81569944861   
CALCULATING MATRIX.........n23


finished process
##############################


MATRIX PERMUTATION.....n2

 
MATRIX PERMUTATION.....n3

 
finished process
##############################


MODES.....n2

 
MODES.....n3

 
finished process
##############################


MODES.....n2

 
MODES.....n3

 
finished process 




