

RMS_L1= 0.000176395794784
RMS_L2= 0.00137658955282

RMS_L1= 0.000112969774663
RMS_L2= 0.00035814090406
0.0176395794784 2.0731512626e-05 901.317230096 -0.422229066667 253.622721594   
0.0137658955282 0.029107184631 0.509078619519 0.584997846667 253.622721594   
0.0176395794784 1.67978705575e-05 901.317230096 -0.56443198 204.466459545   
0.0137658955282 0.0286352075599 0.509078619519 0.226816193333 204.466459545   
0.0176395794784 1.39129204335e-05 901.317230096 -0.44803578 115.246074499   
0.0137658955282 0.0211382974018 0.509078619519 -0.0231372 115.246074499   
0.0176395794784 1.53644828207e-05 901.317230096 -0.50856348 97.4018161349   
0.0137658955282 0.0171910050882 0.509078619519 -0.483014393333 97.4018161349   
0.0176395794784 6.66629223168e-07 901.317230096 -0.195900006667 28.7983291229   
0.0137658955282 0.0192365053787 0.509078619519 -0.468670246667 28.7983291229   
0.0176395794784 0.0 901.317230096 -0.0688333333333 8.78576808461   
0.0137658955282 0.0134142217256 0.509078619519 -0.30830856 8.78576808461   
0.0176395794784 0.0 901.317230096 -0.0255666666667 3.14340054805   
0.0137658955282 0.0114261923611 0.509078619519 -0.23387638 3.14340054805   
0.0112969774663 0.000147846476683 87.8661668414 -0.28843304 253.622721594   
0.0035814090406 0.22602510671 0.0269798673709 0.466634505016 253.622721594   
0.0112969774663 0.000129167025491 87.8661668414 -0.509270113333 204.466459545   
0.0035814090406 0.14656377296 0.0269798673709 -0.664922072546 204.466459545   
0.0112969774663 0.000105413234985 87.8661668414 -0.47325212 115.246074499   
0.0035814090406 0.0938779416408 0.0269798673709 0.428754185084 115.246074499   
0.0112969774663 9.86050074929e-05 87.8661668414 -0.601640273333 97.4018161349   
0.0035814090406 0.137125204163 0.0269798673709 -0.0544233424542 97.4018161349   
0.0112969774663 6.16945524279e-05 87.8661668414 -0.249623266667 28.7983291229   
0.0035814090406 0.0873029657669 0.0269798673709 0.077927622255 28.7983291229   
0.0112969774663 3.68419832716e-05 87.8661668414 -0.0900667066667 8.78576808461   
0.0035814090406 0.103530767442 0.0269798673709 0.143288128815 8.78576808461   
0.0112969774663 2.26957764131e-05 87.8661668414 -0.0329748866667 3.14340054805   
0.0035814090406 0.0781587045197 0.0269798673709 0.0458334596225 3.14340054805   
CALCULATING MATRIX.........n23


finished process
##############################


MATRIX PERMUTATION.....n2

 
MATRIX PERMUTATION.....n3

 
finished process
##############################


MODES.....n2

 
MODES.....n3

 
finished process
##############################


MODES.....n2

 
MODES.....n3

 
finished process 




