

RMS_L1= 0.000808537267821
RMS_L2= 0.00585935620838

RMS_L1= 0.00063139445257
RMS_L2= 0.0057019751987
0.0808537267821 3.97426829953e-05 2440.51464727 -0.415658606667 1428.52493583   
0.0585935620838 0.0603026688796 1.47787706252 -0.5250233 1428.52493583   
0.0808537267821 3.67995587459e-05 2440.51464727 -0.558675486667 1143.45642202   
0.0585935620838 0.0666470300453 1.47787706252 -0.188587513333 1143.45642202   
0.0808537267821 2.95782386639e-05 2440.51464727 -0.448500826667 642.612586756   
0.0585935620838 0.0392257202868 1.47787706252 -0.133767813333 642.612586756   
0.0808537267821 2.9237780416e-05 2440.51464727 -0.516769213333 546.231185479   
0.0585935620838 0.0289668215533 1.47787706252 0.49285258 546.231185479   
0.0808537267821 2.91910215491e-05 2440.51464727 -0.202650573333 164.092170639   
0.0585935620838 0.0263611328708 1.47787706252 0.476419413333 164.092170639   
0.0808537267821 1.49033932905e-06 2440.51464727 -0.0722333666667 50.7241845378   
0.0585935620838 0.0185173785689 1.47787706252 0.36759338 50.7241845378   
0.0808537267821 9.42714801331e-07 2440.51464727 -0.0248333466667 16.6132545173   
0.0585935620838 0.0122764601597 1.47787706252 0.232901546667 16.6132545173   
0.063139445257 6.85708945485e-05 1100.1169622 -0.284283513333 1428.52493583   
0.057019751987 0.0574472201884 0.205545120485 -0.71004246 1428.52493583   
0.063139445257 6.08452520901e-05 1100.1169622 -0.50085608 1143.45642202   
0.057019751987 0.0682598985958 0.205545120485 -0.31242998 1143.45642202   
0.063139445257 5.06129014793e-05 1100.1169622 -0.469861406667 642.612586756   
0.057019751987 0.0604401699177 0.205545120485 0.125998146667 642.612586756   
0.063139445257 4.77346726832e-05 1100.1169622 -0.608308593333 546.231185479   
0.057019751987 0.0365215929913 0.205545120485 0.27743042 546.231185479   
0.063139445257 3.13715729323e-05 1100.1169622 -0.259373286667 164.092170639   
0.057019751987 0.0388231473138 0.205545120485 0.34404034 164.092170639   
0.063139445257 8.55725545648e-06 1100.1169622 -0.0956996733333 50.7241845378   
0.057019751987 0.0369685480371 0.205545120485 0.36045508 50.7241845378   
0.063139445257 3.19069417745e-05 1100.1169622 -0.0329236866667 16.6132545173   
0.057019751987 0.0250049312087 0.205545120485 0.20160994 16.6132545173   
CALCULATING MATRIX.........n23


finished process
##############################


MATRIX PERMUTATION.....n2

 
MATRIX PERMUTATION.....n3

 
finished process
##############################


MODES.....n2

 
MODES.....n3

 
finished process
##############################


MODES.....n2

 
MODES.....n3

 
finished process 




