

RMS_L1= 9.30936971946e-05
RMS_L2= 0.000490765978971

RMS_L1= 6.2775741265e-05
RMS_L2= 0.000825972777269
0.00930936971946 3.13524450699e-05 363.006425304 -0.422955746667 141.454442522   
0.00490765978971 0.0222946670367 0.341534342984 0.364648013333 141.454442522   
0.00930936971946 3.29872139972e-05 363.006425304 -0.56525652 114.348463555   
0.00490765978971 0.0175579616476 0.341534342984 0.337087206667 114.348463555   
0.00930936971946 2.29856370595e-05 363.006425304 -0.44790654 64.5707051317   
0.00490765978971 0.0185386616987 0.341534342984 0.0354060533333 64.5707051317   
0.00930936971946 2.44075584737e-05 363.006425304 -0.507108733333 54.566568079   
0.00490765978971 0.0149433026099 0.341534342984 -0.440960893333 54.566568079   
0.00930936971946 3.05341346229e-06 363.006425304 -0.194833433333 16.088070042   
0.00490765978971 0.009631348403 0.341534342984 -0.493605806667 16.088070042   
0.00930936971946 0.0 363.006425304 -0.0698333333333 4.98637559843   
0.00490765978971 0.0110541101345 0.341534342984 -0.420698293333 4.98637559843   
0.00930936971946 3.29272253991e-10 363.006425304 -0.0311666666667 2.13819294568   
0.00490765978971 0.00981911665613 0.341534342984 -0.367949266667 2.13819294568   
0.0062775741265 0.000239295743512 30.4030843866 0.290119646667 141.454442522   
0.00825972777269 0.20733477565 0.0396714248341 0.165790829578 141.454442522   
0.0062775741265 0.000210522389508 30.4030843866 0.51193894 114.348463555   
0.00825972777269 0.182736665356 0.0396714248341 -0.734342483726 114.348463555   
0.0062775741265 0.000169183530112 30.4030843866 0.473574093333 64.5707051317   
0.00825972777269 0.146938934644 0.0396714248341 0.323300253714 64.5707051317   
0.0062775741265 0.000157671680309 30.4030843866 0.598962546667 54.566568079   
0.00825972777269 0.124233102795 0.0396714248341 0.12805392422 54.566568079   
0.0062775741265 9.55821737533e-05 30.4030843866 0.24695506 16.088070042   
0.00825972777269 0.125770840332 0.0396714248341 0.29238014021 16.088070042   
0.0062775741265 5.3553903869e-05 30.4030843866 0.0905483733333 4.98637559843   
0.00825972777269 0.111329830891 0.0396714248341 0.203732962777 4.98637559843   
0.0062775741265 3.96946030516e-05 30.4030843866 0.0391646933333 2.13819294568   
0.00825972777269 0.0907469831689 0.0396714248341 0.188381074946 2.13819294568   
CALCULATING MATRIX.........n23


finished process
##############################


MATRIX PERMUTATION.....n2

 
MATRIX PERMUTATION.....n3

 
finished process
##############################


MODES.....n2

 
MODES.....n3

 
finished process
##############################


MODES.....n2

 
MODES.....n3

 
finished process 




