

RMS_L1= 0.000763508438247
RMS_L2= 0.00740194232513

RMS_L1= 0.000678095680864
RMS_L2= 0.00650356647512
0.0763508438247 0.00107857725937 79.4226500446 -0.377142713333 1719.09080599   
0.0740194232513 0.038030839843 1.39184591778 0.598112326667 1719.09080599   
0.0763508438247 0.000908597698614 79.4226500446 -0.551264666667 1382.80587223   
0.0740194232513 0.0366022220512 1.39184591778 0.348969166667 1382.80587223   
0.0763508438247 0.000771835576894 79.4226500446 -0.449490953333 782.980909005   
0.0740194232513 0.0494133470527 1.39184591778 -0.19120496 782.980909005   
0.0763508438247 0.000737082066823 79.4226500446 -0.53141466 673.670248574   
0.0740194232513 0.0296849459122 1.39184591778 -0.338960973333 673.670248574   
0.0763508438247 0.000437483136143 79.4226500446 -0.237580826667 205.854831607   
0.0740194232513 0.0272893846609 1.39184591778 -0.445915886667 205.854831607   
0.0763508438247 0.000234502835226 79.4226500446 -0.103654106667 64.4222811168   
0.0740194232513 0.0213293519596 1.39184591778 -0.362823853333 64.4222811168   
0.0763508438247 0.000130519928486 79.4226500446 -0.0472777066667 21.1815589553   
0.0740194232513 0.0120434609696 1.39184591778 -0.17633246 21.1815589553   
0.0678095680864 0.000298657463982 270.114391982 -0.287726393333 1719.09080599   
0.0650356647512 0.141149616571 0.503735565049 0.246579995997 1719.09080599   
0.0678095680864 0.000261449751215 270.114391982 -0.495889166667 1382.80587223   
0.0650356647512 0.190560117529 0.503735565049 0.348119980653 1382.80587223   
0.0678095680864 0.000209059412154 270.114391982 -0.466433953333 782.980909005   
0.0650356647512 0.301863619374 0.503735565049 0.155733316655 782.980909005   
0.0678095680864 0.000194616029617 270.114391982 -0.611058546667 673.670248574   
0.0650356647512 0.182097290518 0.503735565049 -0.226403539144 673.670248574   
0.0678095680864 0.000121466306251 270.114391982 -0.264127246667 205.854831607   
0.0650356647512 0.228077520303 0.503735565049 -0.494932302612 205.854831607   
0.0678095680864 6.64103124245e-05 270.114391982 -0.0974688533333 64.4222811168   
0.0650356647512 0.16451279766 0.503735565049 -0.39460476667 64.4222811168   
0.0678095680864 3.86893674694e-05 270.114391982 -0.0330271133333 21.1815589553   
0.0650356647512 0.114385002418 0.503735565049 -0.262950275193 21.1815589553   
CALCULATING MATRIX.........n23


finished process
##############################


MATRIX PERMUTATION.....n2

 
MATRIX PERMUTATION.....n3

 
finished process
##############################


MODES.....n2

 
MODES.....n3

 
finished process
##############################


MODES.....n2

 
MODES.....n3

 
finished process 




