

MEAN_L1= 2.43312046189e-05
MEAN_L2= 0.000224842188057

MEAN_L1= 1.86938172745e-05
MEAN_L2= 0.000216053100187
0.00243312046189 0.000103123105734 2440.27717927 -0.41584828 1428.59389455   
0.00224842188057 0.126243749674 2.04161925358 -0.624619199199 1428.59389455   
0.00243312046189 9.23598655472e-05 2440.27717927 -0.558830526667 1143.50237583   
0.00224842188057 0.150606742011 2.04161925358 -0.251255715716 1143.50237583   
0.00243312046189 8.01295928642e-05 2440.27717927 -0.448186446667 642.646283792   
0.00224842188057 0.0895108911255 2.04161925358 0.238963877211 642.646283792   
0.00243312046189 7.8010948617e-05 2440.27717927 -0.516751086667 546.257844794   
0.00224842188057 0.101739531727 2.04161925358 0.338326459793 546.257844794   
0.00243312046189 4.57998344726e-05 2440.27717927 -0.202568473333 164.102440324   
0.00224842188057 0.0552755129194 2.04161925358 0.471284964965 164.102440324   
0.00243312046189 3.14494295837e-05 2440.27717927 -0.07227834 50.7309328094   
0.00224842188057 0.0473066569508 2.04161925358 0.269822295629 50.7309328094   
0.00243312046189 3.33331173334e-05 2440.27717927 -0.0248665466667 16.6133515691   
0.00224842188057 0.0279171619848 2.04161925358 0.131087647648 16.6133515691   
0.00186938172745 0.000193989129124 1100.24307147 -0.2839962 1428.59389455   
0.00216053100187 0.17616711451 0.305125600259 0.820640815199 1428.59389455   
0.00186938172745 0.000171986205651 1100.24307147 -0.500672873333 1143.50237583   
0.00216053100187 0.2006906443 0.305125600259 0.0344224787363 1143.50237583   
0.00186938172745 0.000138690734679 1100.24307147 -0.470067326667 642.646283792   
0.00216053100187 0.235251014585 0.305125600259 -0.0684311903973 642.646283792   
0.00186938172745 0.000130150848408 1100.24307147 -0.6083897 546.257844794   
0.00216053100187 0.203741754455 0.305125600259 -0.236713763393 546.257844794   
0.00186938172745 8.13387706599e-05 1100.24307147 -0.259440066667 164.102440324   
0.00216053100187 0.112380827759 0.305125600259 -0.253500574395 164.102440324   
0.00186938172745 4.53608735086e-05 1100.24307147 -0.09580434 50.7309328094   
0.00216053100187 0.0629239208955 0.305125600259 -0.0525413417283 50.7309328094   
0.00186938172745 3.19575162448e-05 1100.24307147 -0.03292296 16.6133515691   
0.00216053100187 0.053371508655 0.305125600259 -0.100108917854 16.6133515691   
CALCULATING MATRIX.........n23


finished process
##############################


MATRIX PERMUTATION.....n2

 
MATRIX PERMUTATION.....n3

 
finished process
##############################


MODES.....n2

 
MODES.....n3

 
finished process
##############################


MODES.....n2

 
MODES.....n3

 
finished process 




