

MEAN_L1= 5.0542708797e-06
MEAN_L2= 3.13141462213e-05

MEAN_L1= 3.14779907913e-06
MEAN_L2= 4.24819921072e-05
0.00050542708797 5.81990520548e-05 901.516003862 -0.42213448 253.621749113   
0.000313141462213 0.153031172487 0.452199400365 0.344480355653 253.621749113   
0.00050542708797 5.38461006145e-05 901.516003862 -0.564568473333 204.466338063   
0.000313141462213 0.120219183462 0.452199400365 0.368897330931 204.466338063   
0.00050542708797 4.77069399691e-05 901.516003862 -0.448118173333 115.250284038   
0.000313141462213 0.0766997080643 0.452199400365 0.0613759083175 115.250284038   
0.00050542708797 4.72001125656e-05 901.516003862 -0.508468206667 97.4002859936   
0.000313141462213 0.0677392229733 0.452199400365 -0.504710469422 97.4002859936   
0.00050542708797 2.59293535992e-05 901.516003862 -0.195767413333 28.7989510232   
0.000313141462213 0.0556721578449 0.452199400365 -0.475068858639 28.7989510232   
0.00050542708797 4.15520543977e-06 901.516003862 -0.0688330733333 8.78708114574   
0.000313141462213 0.0411022917547 0.452199400365 -0.351614576452 8.78708114574   
0.00050542708797 1.63250317812e-06 901.516003862 -0.0255666266667 3.14293206601   
0.000313141462213 0.0371253612876 0.452199400365 -0.287950045041 3.14293206601   
0.000314779907913 0.00043257396808 87.7752192219 -0.28845938 253.621749113   
0.000424819921072 0.339607706389 0.104459540485 0.481090956485 253.621749113   
0.000314779907913 0.00036978656393 87.7752192219 -0.509517553333 204.466338063   
0.000424819921072 0.394386965961 0.104459540485 -0.052825353761 204.466338063   
0.000314779907913 0.000294898879853 87.7752192219 -0.47278414 115.250284038   
0.000424819921072 0.297454513515 0.104459540485 -0.118695254814 115.250284038   
0.000314779907913 0.000277269752324 87.7752192219 -0.601830326667 97.4002859936   
0.000424819921072 0.450744009783 0.104459540485 -0.148310362805 97.4002859936   
0.000314779907913 0.000170666549433 87.7752192219 -0.2495202 28.7989510232   
0.000424819921072 0.271501012197 0.104459540485 0.124102851367 28.7989510232   
0.000314779907913 8.73470971205e-05 87.7752192219 -0.0900776533333 8.78708114574   
0.000424819921072 0.247939888646 0.104459540485 0.0450235025003 8.78708114574   
0.000314779907913 5.3482863298e-05 87.7752192219 -0.0329278333333 3.14293206601   
0.000424819921072 0.111212687483 0.104459540485 -0.0465660566727 3.14293206601   
CALCULATING MATRIX.........n23


finished process
##############################


MATRIX PERMUTATION.....n2

 
MATRIX PERMUTATION.....n3

 
finished process
##############################


MODES.....n2

 
MODES.....n3

 
finished process
##############################


MODES.....n2

 
MODES.....n3

 
finished process 




