

MEAN_L1= 1.86771861916e-05
MEAN_L2= 0.00010950480769

MEAN_L1= 1.2628683133e-05
MEAN_L2= 0.000196390086756
0.00186771861916 5.35324241813e-05 3750.98798145 -0.41832322 969.953260866   
0.0010950480769 0.13940516951 1.10305297577 -0.333312423727 969.953260866   
0.00186771861916 4.94749205786e-05 3750.98798145 -0.560923433333 776.590324282   
0.0010950480769 0.121703897944 1.10305297577 -0.308663062252 776.590324282   
0.00186771861916 4.31785833371e-05 3750.98798145 -0.448419766667 435.860470661   
0.0010950480769 0.110997209267 1.10305297577 -0.16486142176 435.860470661   
0.00186771861916 4.2905827524e-05 3750.98798145 -0.513618546667 368.878921321   
0.0010950480769 0.0950901769101 1.10305297577 0.495986645994 368.878921321   
0.00186771861916 2.6624967456e-05 3750.98798145 -0.199822 109.946073257   
0.0010950480769 0.0829233032822 1.10305297577 0.490000690207 109.946073257   
0.00186771861916 9.53664048156e-06 3750.98798145 -0.07056806 33.7756739863   
0.0010950480769 0.0616170443239 1.10305297577 0.403238294822 33.7756739863   
0.00186771861916 0.0 3750.98798145 -0.0240333333333 11.0482574342   
0.0010950480769 0.0371308677538 1.10305297577 0.223799236438 11.0482574342   
0.0012628683133 0.000177717375451 808.157007285 -0.285698633333 969.953260866   
0.00196390086756 0.1299673894 0.806355896888 0.679990543877 969.953260866   
0.0012628683133 0.000156038438493 808.157007285 -0.50427418 776.590324282   
0.00196390086756 0.124151262901 0.806355896888 -0.58234657324 776.590324282   
0.0012628683133 0.0001270711127 808.157007285 -0.47136784 435.860470661   
0.00196390086756 0.127204107146 0.806355896888 0.325505752419 435.860470661   
0.0012628683133 0.000120376537545 808.157007285 -0.605668346667 368.878921321   
0.00196390086756 0.136106102583 0.806355896888 -0.0833504504505 368.878921321   
0.0012628683133 7.50004297972e-05 808.157007285 -0.255560046667 109.946073257   
0.00196390086756 0.0847091852693 0.806355896888 -0.032474327661 109.946073257   
0.0012628683133 4.16489236789e-05 808.157007285 -0.0934471266667 33.7756739863   
0.00196390086756 0.0513083523729 0.806355896888 0.0663529396063 33.7756739863   
0.0012628683133 3.11452396942e-05 808.157007285 -0.0319213066667 11.0482574342   
0.00196390086756 0.0347414536118 0.806355896888 -0.0458343810477 11.0482574342   
CALCULATING MATRIX.........n23


finished process
##############################


MATRIX PERMUTATION.....n2

 
MATRIX PERMUTATION.....n3

 
finished process
##############################


MODES.....n2

 
MODES.....n3

 
finished process
##############################


MODES.....n2

 
MODES.....n3

 
finished process 




