

MEAN_L1= 2.48950172906e-05
MEAN_L2= 0.000200357109141

MEAN_L1= 2.03916333235e-05
MEAN_L2= 0.000115662179664
0.00248950172906 0.000171963946569 1516.67761872 -0.41430312 1574.00116494   
0.00200357109141 0.185353588189 1.56262720727 -0.471076873085 1574.00116494   
0.00248950172906 0.000151790597131 1516.67761872 -0.557259513333 1260.36536802   
0.00200357109141 0.178831317786 1.56262720727 -0.372588352359 1260.36536802   
0.00248950172906 0.00012851102426 1516.67761872 -0.448217166667 709.012339742   
0.00200357109141 0.115856233814 1.56262720727 0.119400622959 709.012339742   
0.00248950172906 0.000124603391177 1516.67761872 -0.518553886667 603.889318543   
0.00200357109141 0.0769210705759 1.56262720727 0.44075981749 603.889318543   
0.00248950172906 7.2284398595e-05 1516.67761872 -0.204731486667 182.004884139   
0.00200357109141 0.0926097721954 1.56262720727 0.456535572617 182.004884139   
0.00248950172906 4.05136569322e-05 1516.67761872 -0.0737803933333 56.4026885909   
0.00200357109141 0.0579202918125 1.56262720727 0.317935249352 56.4026885909   
0.00248950172906 3.10374390405e-05 1516.67761872 -0.02567886 18.4833354887   
0.00200357109141 0.0404639796082 1.56262720727 0.14827698084 18.4833354887   
0.00203916333235 0.000219134874276 1067.41255826 -0.284509013333 1574.00116494   
0.00115662179664 0.233910995048 0.35623981469 0.729616486631 1574.00116494   
0.00203916333235 0.000193710711377 1067.41255826 -0.49912098 1260.36536802   
0.00115662179664 0.335211605347 0.35623981469 -0.145614900789 1260.36536802   
0.00203916333235 0.000155172030255 1067.41255826 -0.46953774 709.012339742   
0.00115662179664 0.238301953426 0.35623981469 -0.27483694936 709.012339742   
0.00203916333235 0.000145716496657 1067.41255826 -0.609145353333 603.889318543   
0.00115662179664 0.20830788435 0.35623981469 -0.0201814142343 603.889318543   
0.00203916333235 9.20352565572e-05 1067.41255826 -0.26063502 182.004884139   
0.00115662179664 0.24758602723 0.35623981469 0.0553764728415 182.004884139   
0.00203916333235 5.03972062679e-05 1067.41255826 -0.09676096 56.4026885909   
0.00115662179664 0.142095284538 0.35623981469 -0.073577147016 56.4026885909   
0.00203916333235 3.32731162727e-05 1067.41255826 -0.0333922533333 18.4833354887   
0.00115662179664 0.112267354935 0.35623981469 -0.0260330805179 18.4833354887   
CALCULATING MATRIX.........n23


finished process
##############################


MATRIX PERMUTATION.....n2

 
MATRIX PERMUTATION.....n3

 
finished process
##############################


MODES.....n2

 
MODES.....n3

 
finished process
##############################


MODES.....n2

 
MODES.....n3

 
finished process 




