

MEAN_L1= 1.3183748935e-05
MEAN_L2= 9.37841250096e-05

MEAN_L1= 8.33270139188e-06
MEAN_L2= 9.03959183925e-05
0.0013183748935 4.85046501843e-05 2941.95280994 -0.4200479 647.923661994   
0.000937841250096 0.153239252226 0.881656354908 0.532708354439 647.923661994   
0.0013183748935 4.55394296798e-05 2941.95280994 -0.56227098 519.667812381   
0.000937841250096 0.196695194096 0.881656354908 0.105607898558 519.667812381   
0.0013183748935 4.00757487964e-05 2941.95280994 -0.448331406667 291.880084297   
0.000937841250096 0.102153600149 0.881656354908 0.121986151352 291.880084297   
0.0013183748935 3.94921080032e-05 2941.95280994 -0.511618533333 246.722265817   
0.000937841250096 0.0963039145969 0.881656354908 -0.398707827643 246.722265817   
0.0013183748935 3.3319119717e-05 2941.95280994 -0.19806764 73.2871398726   
0.000937841250096 0.0809178905285 0.881656354908 -0.530653750042 73.2871398726   
0.0013183748935 2.79651839119e-05 2941.95280994 -0.0697514733333 22.4489205735   
0.000937841250096 0.0563389778231 0.881656354908 -0.348006007497 22.4489205735   
0.0013183748935 0.0 2941.95280994 -0.0237 7.35642871977   
0.000937841250096 0.0367918624885 0.881656354908 -0.18857887752 7.35642871977   
0.000833270139188 0.000217225448816 439.754523082 -0.286729713333 647.923661994   
0.000903959183925 0.243701015216 0.392079133425 0.69746585545 647.923661994   
0.000833270139188 0.000190217381309 439.754523082 -0.506742153333 519.667812381   
0.000903959183925 0.235935870354 0.392079133425 0.0698539642798 519.667812381   
0.000833270139188 0.000155322513797 439.754523082 -0.4716315 291.880084297   
0.000903959183925 0.209302850635 0.392079133425 0.077171567351 291.880084297   
0.000833270139188 0.000147247241271 439.754523082 -0.604045166667 246.722265817   
0.000903959183925 0.292392899713 0.392079133425 -0.311286239359 246.722265817   
0.000833270139188 8.95606808233e-05 439.754523082 -0.253417133333 73.2871398726   
0.000903959183925 0.136911062882 0.392079133425 -0.230294057753 73.2871398726   
0.000833270139188 4.83704206837e-05 439.754523082 -0.0921219866667 22.4489205735   
0.000903959183925 0.122013444565 0.392079133425 -0.233484910699 22.4489205735   
0.000833270139188 2.84672373101e-05 439.754523082 -0.0313752466667 7.35642871977   
0.000903959183925 0.0712340609324 0.392079133425 -0.123262964447 7.35642871977   
CALCULATING MATRIX.........n23


finished process
##############################


MATRIX PERMUTATION.....n2

 
MATRIX PERMUTATION.....n3

 
finished process
##############################


MODES.....n2

 
MODES.....n3

 
finished process
##############################


MODES.....n2

 
MODES.....n3

 
finished process 




