

MEAN_L1= 8.484555516e-06
MEAN_L2= 6.99503330862e-05

MEAN_L1= 5.32131000844e-06
MEAN_L2= 8.099863705e-05
0.0008484555516 5.03855286667e-05 1798.90884432 -0.421282693333 417.613113582   
0.000699503330862 0.0672530071641 0.823422363274 -0.559131493333 417.613113582   
0.0008484555516 4.69680629692e-05 1798.90884432 -0.563469966667 335.740887284   
0.000699503330862 0.062683813092 0.823422363274 -0.3084456 335.740887284   
0.0008484555516 4.17974782491e-05 1798.90884432 -0.448113746667 188.873123564   
0.000699503330862 0.0818762071568 0.823422363274 0.0871154866667 188.873123564   
0.0008484555516 4.12759838438e-05 1798.90884432 -0.50999124 159.606911304   
0.000699503330862 0.0499252913289 0.823422363274 0.511650406667 159.606911304   
0.0008484555516 3.09824867978e-05 1798.90884432 -0.19685412 47.2969778031   
0.000699503330862 0.0494707996293 0.823422363274 0.436522706667 47.2969778031   
0.0008484555516 1.32347673549e-05 1798.90884432 -0.06929726 14.4555346102   
0.000699503330862 0.034742985622 0.823422363274 0.27288016 14.4555346102   
0.0008484555516 1.3079583754e-05 1798.90884432 -0.0239639933333 4.81619522023   
0.000699503330862 0.0242052297344 0.823422363274 0.189615353333 4.81619522023   
0.000532131000844 0.000288612676713 210.769953527 -0.287611946667 417.613113582   
0.0008099863705 0.428286678478 0.296650193571 -0.372522637861 417.613113582   
0.000532131000844 0.00025119398224 210.769953527 -0.508075166667 335.740887284   
0.0008099863705 0.381373009035 0.296650193571 0.563838120958 335.740887284   
0.000532131000844 0.000205950891616 210.769953527 -0.472567146667 188.873123564   
0.0008099863705 0.256767848111 0.296650193571 -0.0519934720277 188.873123564   
0.000532131000844 0.000195335326079 210.769953527 -0.602536813333 159.606911304   
0.0008099863705 0.231550665677 0.296650193571 -0.19104998333 159.606911304   
0.000532131000844 0.000117965934029 210.769953527 -0.25200872 47.2969778031   
0.0008099863705 0.105733563361 0.296650193571 -0.105330212709 47.2969778031   
0.000532131000844 6.30142925705e-05 210.769953527 -0.0909954933333 14.4555346102   
0.0008099863705 0.100285602154 0.296650193571 -0.122340321398 14.4555346102   
0.000532131000844 3.73212742447e-05 210.769953527 -0.0312998933333 4.81619522023   
0.0008099863705 0.0670008841971 0.296650193571 -0.0624682469827 4.81619522023   
CALCULATING MATRIX.........n23


finished process
##############################


MATRIX PERMUTATION.....n2

 
MATRIX PERMUTATION.....n3

 
finished process
##############################


MODES.....n2

 
MODES.....n3

 
finished process
##############################


MODES.....n2

 
MODES.....n3

 
finished process 




