

MEAN_L1= 2.33567977354e-05
MEAN_L2= 0.000271492922383

MEAN_L1= 2.05862612728e-05
MEAN_L2= 0.000319481467326
0.00233567977354 0.00332427288561 78.4624971341 -0.385152906667 1719.07245715   
0.00271492922383 0.0765204093151 2.51071594396 0.630466853333 1719.07245715   
0.00233567977354 0.00281602723527 78.4624971341 -0.547624593333 1382.801998   
0.00271492922383 0.0765508367736 2.51071594396 0.390086553333 1382.801998   
0.00233567977354 0.00238049492248 78.4624971341 -0.44790894 782.975861669   
0.00271492922383 0.0746694927141 2.51071594396 -0.207076466667 782.975861669   
0.00233567977354 0.00229514240584 78.4624971341 -0.53083948 673.663357535   
0.00271492922383 0.0529756516522 2.51071594396 -0.516904946667 673.663357535   
0.00233567977354 0.0013418997531 78.4624971341 -0.235631186667 205.859534737   
0.00271492922383 0.0535453967189 2.51071594396 -0.300573846667 205.859534737   
0.00233567977354 0.000723842863215 78.4624971341 -0.106998126667 64.4230324519   
0.00271492922383 0.0286858073906 2.51071594396 -0.12961726 64.4230324519   
0.00233567977354 0.000392640824052 78.4624971341 -0.0484637866667 21.1792641335   
0.00271492922383 0.0174728272588 2.51071594396 -0.0950508333333 21.1792641335   
0.00205862612728 0.000906503058747 270.166666792 0.284717993333 1719.07245715   
0.00319481467326 0.267975865545 0.817225749923 -0.536377274394 1719.07245715   
0.00205862612728 0.000781172903081 270.166666792 0.495733413333 1382.801998   
0.00319481467326 0.342305815457 0.817225749923 -0.252633946728 1382.801998   
0.00205862612728 0.00062561920969 270.166666792 0.467622933333 782.975861669   
0.00319481467326 0.131819595336 0.817225749923 0.131190122346 782.975861669   
0.00205862612728 0.000578082461857 270.166666792 0.611691686667 673.663357535   
0.00319481467326 0.122880427352 0.817225749923 0.13306769677 673.663357535   
0.00205862612728 0.000366744399944 270.166666792 0.264111386667 205.859534737   
0.00319481467326 0.236018386462 0.817225749923 0.370323162316 205.859534737   
0.00205862612728 0.000192266128521 270.166666792 0.0974061066667 64.4230324519   
0.00319481467326 0.222318682967 0.817225749923 0.316097493083 64.4230324519   
0.00205862612728 0.000105605553516 270.166666792 0.0331866866667 21.1792641335   
0.00319481467326 0.101699859501 0.817225749923 0.198915041504 21.1792641335   
CALCULATING MATRIX.........n23


finished process
##############################


MATRIX PERMUTATION.....n2

 
MATRIX PERMUTATION.....n3

 
finished process
##############################


MODES.....n2

 
MODES.....n3

 
finished process
##############################


MODES.....n2

 
MODES.....n3

 
finished process 




