

MEAN_L1= 2.64474564037e-06
MEAN_L2= 1.96518495895e-05

MEAN_L1= 1.78240394172e-06
MEAN_L2= 3.50055643858e-05
0.000264474564037 7.57889452422e-05 362.981814086 -0.422901346667 141.460756288   
0.000196518495895 0.154251893561 0.331706845542 -0.569574397199 141.460756288   
0.000264474564037 6.83233409854e-05 362.981814086 -0.565265546667 114.342839481   
0.000196518495895 0.127447616821 0.331706845542 -0.201575764549 114.342839481   
0.000264474564037 5.961151009e-05 362.981814086 -0.44778318 64.5756624972   
0.000196518495895 0.0765090053759 0.331706845542 0.123903608471 64.5756624972   
0.000264474564037 5.92268972977e-05 362.981814086 -0.507213846667 54.566373118   
0.000196518495895 0.054778965528 0.331706845542 0.35465989995 54.566373118   
0.000264474564037 3.54125145441e-05 362.981814086 -0.194948126667 16.0872185736   
0.000196518495895 0.0732859657783 0.331706845542 0.421630445223 16.0872185736   
0.000264474564037 1.0219786956e-05 362.981814086 -0.0698333133333 4.98729810677   
0.000196518495895 0.065626740902 0.331706845542 0.39198114724 4.98729810677   
0.000264474564037 1.66102712463e-05 362.981814086 -0.0311711 2.13837498754   
0.000196518495895 0.0583737997647 0.331706845542 0.316890168418 2.13837498754   
0.000178240394172 0.00067824613767 30.3819510622 0.291538826667 141.460756288   
0.000350055643858 0.0761064535073 0.157847076365 0.887235912858 141.460756288   
0.000178240394172 0.000590468502205 30.3819510622 0.51117618 114.342839481   
0.000350055643858 0.129566953881 0.157847076365 -0.307018223737 114.342839481   
0.000178240394172 0.000476678525486 30.3819510622 0.474040833333 64.5756624972   
0.000350055643858 0.135744337771 0.157847076365 -0.0562705292702 64.5756624972   
0.000178240394172 0.000446158615825 30.3819510622 0.5983357 54.566373118   
0.000350055643858 0.130411383389 0.157847076365 -0.171648242449 54.566373118   
0.000178240394172 0.00027002561987 30.3819510622 0.24760632 16.0872185736   
0.000350055643858 0.0834159024544 0.157847076365 0.0757803929431 16.0872185736   
0.000178240394172 0.000141099944243 30.3819510622 0.09029582 4.98729810677   
0.000350055643858 0.0579158713445 0.157847076365 0.0760957030206 4.98729810677   
0.000178240394172 0.000100246895213 30.3819510622 0.0389884 2.13837498754   
0.000350055643858 0.0579679655889 0.157847076365 0.0519972066292 2.13837498754   
CALCULATING MATRIX.........n23


finished process
##############################


MATRIX PERMUTATION.....n2

 
MATRIX PERMUTATION.....n3

 
finished process
##############################


MODES.....n2

 
MODES.....n3

 
finished process
##############################


MODES.....n2

 
MODES.....n3

 
finished process 




