

MEAN_L1= 5.11297397979e-06
MEAN_L2= 3.12274744823e-05

MEAN_L1= 3.2015384987e-06
MEAN_L2= 4.29978559317e-05
0.000511297397979 5.91824447653e-05 901.516273358 -0.422135126667 253.621749113   
0.000312274744823 0.150795641132 0.45231317066 0.347272735163 253.621749113   
0.000511297397979 5.46649997096e-05 901.516273358 -0.564568066667 204.466338063   
0.000312274744823 0.119842970488 0.45231317066 0.36773070966 204.466338063   
0.000511297397979 4.72090349421e-05 901.516273358 -0.448117313333 115.250284038   
0.000312274744823 0.075106125442 0.45231317066 0.0599593831364 115.250284038   
0.000511297397979 4.69292939303e-05 901.516273358 -0.508468846667 97.4002859936   
0.000312274744823 0.069712521048 0.45231317066 -0.504425796115 97.4002859936   
0.000511297397979 2.62900325615e-05 901.516273358 -0.19576758 28.7989510232   
0.000312274744823 0.0557476341105 0.45231317066 -0.475118879765 28.7989510232   
0.000511297397979 3.88068706638e-06 901.516273358 -0.0688331066667 8.78708114574   
0.000312274744823 0.0400493672583 0.45231317066 -0.351968576006 8.78708114574   
0.000511297397979 1.15452722482e-06 901.516273358 -0.0255666466667 3.14293206601   
0.000312274744823 0.0373441627819 0.45231317066 -0.287761799853 3.14293206601   
0.00032015384987 0.000419932828262 87.7746338686 -0.288446413333 253.621749113   
0.000429978559317 0.339466922508 0.103907138526 0.479383443286 253.621749113   
0.00032015384987 0.000368476881328 87.7746338686 -0.50952982 204.466338063   
0.000429978559317 0.392607955137 0.103907138526 -0.053186692204 204.466338063   
0.00032015384987 0.00029709550269 87.7746338686 -0.472776866667 115.250284038   
0.000429978559317 0.299821102386 0.103907138526 -0.119392650919 115.250284038   
0.00032015384987 0.000276545419303 87.7746338686 -0.601832013333 97.4002859936   
0.000429978559317 0.453434426305 0.103907138526 -0.144936454565 97.4002859936   
0.00032015384987 0.000169587189049 87.7746338686 -0.24951842 28.7989510232   
0.000429978559317 0.272364302774 0.103907138526 0.120692246577 28.7989510232   
0.00032015384987 8.89949489072e-05 87.7746338686 -0.0900785133333 8.78708114574   
0.000429978559317 0.248660266117 0.103907138526 0.0432555153579 8.78708114574   
0.00032015384987 5.41872928908e-05 87.7746338686 -0.0329285533333 3.14293206601   
0.000429978559317 0.112146217785 0.103907138526 -0.0468843087182 3.14293206601   
CALCULATING MATRIX.........n23


finished process
##############################


MATRIX PERMUTATION.....n2

 
MATRIX PERMUTATION.....n3

 
finished process
##############################


MODES.....n2

 
MODES.....n3

 
finished process
##############################


MODES.....n2

 
MODES.....n3

 
finished process 




