

MEAN_L1= 2.41787629119e-05
MEAN_L2= 0.000228313654957

MEAN_L1= 1.88339525056e-05
MEAN_L2= 0.000215853474315
0.00241787629119 0.000102405268595 2440.27638538 -0.415846593333 1428.59389455   
0.00228313654957 0.123551599721 2.04169484346 -0.628454943404 1428.59389455   
0.00241787629119 9.28469403154e-05 2440.27638538 -0.558830153333 1143.50237583   
0.00228313654957 0.148006531824 2.04169484346 -0.246823817156 1143.50237583   
0.00241787629119 7.99658191795e-05 2440.27638538 -0.448187033333 642.646283792   
0.00228313654957 0.0889363344638 2.04169484346 0.24112896257 642.646283792   
0.00241787629119 7.85281199481e-05 2440.27638538 -0.5167517 546.257844794   
0.00228313654957 0.0999206539195 2.04169484346 0.334379622024 546.257844794   
0.00241787629119 4.54975456917e-05 2440.27638538 -0.2025692 164.102440324   
0.00228313654957 0.0553814944055 2.04169484346 0.472251170323 164.102440324   
0.00241787629119 3.14507579808e-05 2440.27638538 -0.07227826 50.7309328094   
0.00228313654957 0.0476146451703 2.04169484346 0.269660646432 50.7309328094   
0.00241787629119 3.33325166588e-05 2440.27638538 -0.0248664333333 16.6133515691   
0.00228313654957 0.0283435648237 2.04169484346 0.131261153962 16.6133515691   
0.00188339525056 0.000193862805066 1100.24377832 -0.283996553333 1428.59389455   
0.00215853474315 0.182247037489 0.303087853659 0.815042377375 1428.59389455   
0.00188339525056 0.000171418173945 1100.24377832 -0.500672306667 1143.50237583   
0.00215853474315 0.203673477212 0.303087853659 0.0340128222124 1143.50237583   
0.00188339525056 0.000138531552029 1100.24377832 -0.470067013333 642.646283792   
0.00215853474315 0.240949410743 0.303087853659 -0.060218935042 642.646283792   
0.00188339525056 0.000131715380251 1100.24377832 -0.608390693333 546.257844794   
0.00215853474315 0.206919310823 0.303087853659 -0.239234445426 546.257844794   
0.00188339525056 8.24388214025e-05 1100.24377832 -0.259438693333 164.102440324   
0.00215853474315 0.113890712894 0.303087853659 -0.254757548976 164.102440324   
0.00188339525056 4.49774244395e-05 1100.24377832 -0.0958053466667 50.7309328094   
0.00215853474315 0.0641153699838 0.303087853659 -0.0541105612019 50.7309328094   
0.00188339525056 3.16443317713e-05 1100.24377832 -0.03292236 16.6133515691   
0.00215853474315 0.05351272207 0.303087853659 -0.101714206805 16.6133515691   
CALCULATING MATRIX.........n23


finished process
##############################


MATRIX PERMUTATION.....n2

 
MATRIX PERMUTATION.....n3

 
finished process
##############################


MODES.....n2

 
MODES.....n3

 
finished process
##############################


MODES.....n2

 
MODES.....n3

 
finished process 




