

MEAN_L1= 8.49540834708e-06
MEAN_L2= 6.94481831617e-05

MEAN_L1= 5.30634620004e-06
MEAN_L2= 8.14133094181e-05
0.000849540834708 5.06447046497e-05 1798.90701689 -0.421283386667 417.613113582   
0.000694481831617 0.0659884265257 0.82367868088 -0.559734386667 417.613113582   
0.000849540834708 4.77311297449e-05 1798.90701689 -0.563469153333 335.740887284   
0.000694481831617 0.0619358050224 0.82367868088 -0.307874953333 335.740887284   
0.000849540834708 4.18060701607e-05 1798.90701689 -0.448113606667 188.873123564   
0.000694481831617 0.0814317909401 0.82367868088 0.08649914 188.873123564   
0.000849540834708 4.14855506519e-05 1798.90701689 -0.50999044 159.606911304   
0.000694481831617 0.0487063191771 0.82367868088 0.512055033333 159.606911304   
0.000849540834708 3.13404072067e-05 1798.90701689 -0.196854966667 47.2969778031   
0.000694481831617 0.0488311815516 0.82367868088 0.436558113333 47.2969778031   
0.000849540834708 1.30639453241e-05 1798.90701689 -0.0692973333333 14.4555346102   
0.000694481831617 0.0341491397191 0.82367868088 0.272900033333 14.4555346102   
0.000849540834708 1.25513629226e-05 1798.90701689 -0.0239642133333 4.81619522023   
0.000694481831617 0.0237203385071 0.82367868088 0.189377026667 4.81619522023   
0.000530634620004 0.000289574400364 210.770770317 -0.287609333333 417.613113582   
0.000814133094181 0.428081928913 0.294751399373 -0.375574993333 417.613113582   
0.000530634620004 0.000253397456994 210.770770317 -0.5080778 335.740887284   
0.000814133094181 0.383486896629 0.294751399373 0.560313506667 335.740887284   
0.000530634620004 0.000206238007077 210.770770317 -0.4725712 188.873123564   
0.000814133094181 0.258797571429 0.294751399373 -0.0486432466667 188.873123564   
0.000530634620004 0.000191488971843 210.770770317 -0.60253398 159.606911304   
0.000814133094181 0.231879632021 0.294751399373 -0.189919206667 159.606911304   
0.000530634620004 0.00011908185312 210.770770317 -0.2520073 47.2969778031   
0.000814133094181 0.106659281188 0.294751399373 -0.103812206667 47.2969778031   
0.000530634620004 6.19349034574e-05 210.770770317 -0.0909947866667 14.4555346102   
0.000814133094181 0.100364807577 0.294751399373 -0.12226532 14.4555346102   
0.000530634620004 3.74397150993e-05 210.770770317 -0.0313002133333 4.81619522023   
0.000814133094181 0.0665993650935 0.294751399373 -0.0623344 4.81619522023   
CALCULATING MATRIX.........n23


finished process
##############################


MATRIX PERMUTATION.....n2

 
MATRIX PERMUTATION.....n3

 
finished process
##############################


MODES.....n2

 
MODES.....n3

 
finished process
##############################


MODES.....n2

 
MODES.....n3

 
finished process 




