

MEAN_L1= 1.32384071028e-05
MEAN_L2= 9.29866161258e-05

MEAN_L1= 8.28582587187e-06
MEAN_L2= 9.05756616095e-05
0.00132384071028 4.87537996855e-05 2941.95459263 -0.420048313333 647.923661994   
0.000929866161258 0.150393048299 0.883402542247 0.533941186206 647.923661994   
0.00132384071028 4.48624360377e-05 2941.95459263 -0.56227086 519.667812381   
0.000929866161258 0.192040232765 0.883402542247 0.106965085959 519.667812381   
0.00132384071028 4.04401338152e-05 2941.95459263 -0.448330326667 291.880084297   
0.000929866161258 0.100094672956 0.883402542247 0.120906917283 291.880084297   
0.00132384071028 3.99140397844e-05 2941.95459263 -0.511618873333 246.722265817   
0.000929866161258 0.093422230646 0.883402542247 -0.399698162597 246.722265817   
0.00132384071028 3.3297431374e-05 2941.95459263 -0.198068213333 73.2871398726   
0.000929866161258 0.080244992642 0.883402542247 -0.531960809944 73.2871398726   
0.00132384071028 2.84437464252e-05 2941.95459263 -0.0697507133333 22.4489205735   
0.000929866161258 0.055528601677 0.883402542247 -0.348387276658 22.4489205735   
0.00132384071028 0.0 2941.95459263 -0.0237 7.35642871977   
0.000929866161258 0.0361954605191 0.883402542247 -0.188823903131 7.35642871977   
0.000828582587187 0.000216149551473 439.752499885 -0.286727893333 647.923661994   
0.000905756616095 0.250920145832 0.39315788017 0.696726200261 647.923661994   
0.000828582587187 0.000188026626501 439.752499885 -0.50673612 519.667812381   
0.000905756616095 0.235896206477 0.39315788017 0.0697803180649 519.667812381   
0.000828582587187 0.000155836916201 439.752499885 -0.47163538 291.880084297   
0.000905756616095 0.209035762403 0.39315788017 0.0800261033711 291.880084297   
0.000828582587187 0.000145301525378 439.752499885 -0.604048326667 246.722265817   
0.000905756616095 0.290290507503 0.39315788017 -0.315422615349 246.722265817   
0.000828582587187 8.89397596523e-05 439.752499885 -0.25341806 73.2871398726   
0.000905756616095 0.135154383001 0.39315788017 -0.22610068825 73.2871398726   
0.000828582587187 4.84955782457e-05 439.752499885 -0.0921227 22.4489205735   
0.000905756616095 0.122359492685 0.39315788017 -0.230711038722 22.4489205735   
0.000828582587187 2.86072283054e-05 439.752499885 -0.0313754266667 7.35642871977   
0.000905756616095 0.0714348533473 0.39315788017 -0.120600972236 7.35642871977   
CALCULATING MATRIX.........n23


finished process
##############################


MATRIX PERMUTATION.....n2

 
MATRIX PERMUTATION.....n3

 
finished process
##############################


MODES.....n2

 
MODES.....n3

 
finished process
##############################


MODES.....n2

 
MODES.....n3

 
finished process 




