

MEAN_L1= 1.84941517718e-05
MEAN_L2= 0.000109520168724

MEAN_L1= 1.24516803234e-05
MEAN_L2= 0.000197266029378
0.00184941517718 5.34759890824e-05 3750.99210898 -0.418321753333 969.953260866   
0.00109520168724 0.138837710138 1.10581886108 -0.332786057452 969.953260866   
0.00184941517718 4.98291555086e-05 3750.99210898 -0.56092392 776.590324282   
0.00109520168724 0.120122914189 1.10581886108 -0.309036749741 776.590324282   
0.00184941517718 4.33311259395e-05 3750.99210898 -0.44841968 435.860470661   
0.00109520168724 0.109305237089 1.10581886108 -0.167784322557 435.860470661   
0.00184941517718 4.38339477069e-05 3750.99210898 -0.513619053333 368.878921321   
0.00109520168724 0.0938762023702 1.10581886108 0.499110235879 368.878921321   
0.00184941517718 2.68338684054e-05 3750.99210898 -0.199821846667 109.946073257   
0.00109520168724 0.0808299957241 1.10581886108 0.488879628332 109.946073257   
0.00184941517718 9.40163344408e-06 3750.99210898 -0.07056802 33.7756739863   
0.00109520168724 0.0592716992329 1.10581886108 0.402323254262 33.7756739863   
0.00184941517718 0.0 3750.99210898 -0.0240333333333 11.0482574342   
0.00109520168724 0.0361589037075 1.10581886108 0.223159053148 11.0482574342   
0.00124516803234 0.000174831271126 808.158347642 -0.285698933333 969.953260866   
0.00197266029378 0.12974154059 0.805075275422 0.67797005978 969.953260866   
0.00124516803234 0.000154981392048 808.158347642 -0.504272273333 776.590324282   
0.00197266029378 0.127898547996 0.805075275422 -0.582238008884 776.590324282   
0.00124516803234 0.000128126110672 808.158347642 -0.471367046667 435.860470661   
0.00197266029378 0.128629488821 0.805075275422 0.327328400628 435.860470661   
0.00124516803234 0.000119380325317 808.158347642 -0.605670653333 368.878921321   
0.00197266029378 0.137352773732 0.805075275422 -0.0839366696724 368.878921321   
0.00124516803234 7.45189245417e-05 808.158347642 -0.255559406667 109.946073257   
0.00197266029378 0.0843771065095 0.805075275422 -0.0320182446649 109.946073257   
0.00124516803234 4.11732248661e-05 808.158347642 -0.0934472333333 33.7756739863   
0.00197266029378 0.0527480233474 0.805075275422 0.0654185719534 33.7756739863   
0.00124516803234 3.10208180968e-05 808.158347642 -0.0319209533333 11.0482574342   
0.00197266029378 0.0349722531859 0.805075275422 -0.0462022409244 11.0482574342   
CALCULATING MATRIX.........n23


finished process
##############################


MATRIX PERMUTATION.....n2

 
MATRIX PERMUTATION.....n3

 
finished process
##############################


MODES.....n2

 
MODES.....n3

 
finished process
##############################


MODES.....n2

 
MODES.....n3

 
finished process 




