

MEAN_L1= 2.49641905373e-05
MEAN_L2= 0.000201446218671

MEAN_L1= 2.03493228744e-05
MEAN_L2= 0.000116147555929
0.00249641905373 0.000170772591521 1516.66898385 -0.41429892 1574.00116494   
0.00201446218671 0.187923142662 1.56308797679 -0.471852078701 1574.00116494   
0.00249641905373 0.000151287570345 1516.66898385 -0.557259733333 1260.36536802   
0.00201446218671 0.179629847356 1.56308797679 -0.370769826831 1260.36536802   
0.00249641905373 0.000130065265732 1516.66898385 -0.4482194 709.012339742   
0.00201446218671 0.115434520096 1.56308797679 0.117585385082 709.012339742   
0.00249641905373 0.000125542449535 1516.66898385 -0.518554266667 603.889318543   
0.00201446218671 0.0771721661806 1.56308797679 0.441247180109 603.889318543   
0.00249641905373 7.16956502738e-05 1516.66898385 -0.204731646667 182.004884139   
0.00201446218671 0.0933892097313 1.56308797679 0.456007863352 182.004884139   
0.00249641905373 4.00333194591e-05 1516.66898385 -0.0737813333333 56.4026885909   
0.00201446218671 0.0575457782116 1.56308797679 0.317556343912 56.4026885909   
0.00249641905373 3.12825574422e-05 1516.66898385 -0.0256782933333 18.4833354887   
0.00201446218671 0.0408414295822 1.56308797679 0.148361592885 18.4833354887   
0.00203493228744 0.00022035329207 1067.41359787 -0.2845076 1574.00116494   
0.00116147555929 0.233915418347 0.358120605127 0.729322627148 1574.00116494   
0.00203493228744 0.000193136778096 1067.41359787 -0.49911746 1260.36536802   
0.00116147555929 0.335978878696 0.358120605127 -0.143281724522 1260.36536802   
0.00203493228744 0.000157223640577 1067.41359787 -0.46954044 709.012339742   
0.00116147555929 0.241220381767 0.358120605127 -0.273802095106 709.012339742   
0.00203493228744 0.000149144261148 1067.41359787 -0.609146946667 603.889318543   
0.00116147555929 0.211255979983 0.358120605127 -0.0243044208665 603.889318543   
0.00203493228744 9.27808409445e-05 1067.41359787 -0.260636266667 182.004884139   
0.00116147555929 0.243155747446 0.358120605127 0.0611299850075 182.004884139   
0.00203493228744 4.99271576174e-05 1067.41359787 -0.0967605066667 56.4026885909   
0.00116147555929 0.139747101531 0.358120605127 -0.0779385576443 56.4026885909   
0.00203493228744 3.3356256116e-05 1067.41359787 -0.03339268 18.4833354887   
0.00116147555929 0.110598748641 0.358120605127 -0.0298204859109 18.4833354887   
CALCULATING MATRIX.........n23


finished process
##############################


MATRIX PERMUTATION.....n2

 
MATRIX PERMUTATION.....n3

 
finished process
##############################


MODES.....n2

 
MODES.....n3

 
finished process
##############################


MODES.....n2

 
MODES.....n3

 
finished process 




