

MEAN_L1= 2.34094279545e-05
MEAN_L2= 0.000270228311158

MEAN_L1= 2.05471729452e-05
MEAN_L2= 0.000319146638069
0.00234094279545 0.00328388103092 78.4613029947 -0.385116153333 1719.07245715   
0.00270228311158 0.0762748724107 2.51080805347 0.62937878 1719.07245715   
0.00234094279545 0.00282818259344 78.4613029947 -0.547622133333 1382.801998   
0.00270228311158 0.0755010788154 2.51080805347 0.39093172 1382.801998   
0.00234094279545 0.00237898358131 78.4613029947 -0.447909006667 782.975861669   
0.00270228311158 0.0756594754385 2.51080805347 -0.206717886667 782.975861669   
0.00234094279545 0.0022705023872 78.4613029947 -0.530883826667 673.663357535   
0.00270228311158 0.053190179674 2.51080805347 -0.516816826667 673.663357535   
0.00234094279545 0.00133431596081 78.4613029947 -0.2356055 205.859534737   
0.00270228311158 0.0542404407433 2.51080805347 -0.30163716 205.859534737   
0.00234094279545 0.000730965826717 78.4613029947 -0.106986013333 64.4230324519   
0.00270228311158 0.0291173801335 2.51080805347 -0.130223493333 64.4230324519   
0.00234094279545 0.000394885954789 78.4613029947 -0.04845346 21.1792641335   
0.00270228311158 0.0175509039307 2.51080805347 -0.0954467866667 21.1792641335   
0.00205471729452 0.000901973445119 270.168036029 0.284740286667 1719.07245715   
0.00319146638069 0.269146710353 0.815338395393 -0.537303674068 1719.07245715   
0.00205471729452 0.000786887889769 270.168036029 0.4957316 1382.801998   
0.00319146638069 0.342532714218 0.815338395393 -0.249135520437 1382.801998   
0.00205471729452 0.000625947658387 270.168036029 0.467624133333 782.975861669   
0.00319146638069 0.132054507174 0.815338395393 0.130879735947 782.975861669   
0.00205471729452 0.000582730315774 270.168036029 0.611683546667 673.663357535   
0.00319146638069 0.123073250745 0.815338395393 0.131074581583 673.663357535   
0.00205471729452 0.000365031318168 270.168036029 0.264108173333 205.859534737   
0.00319146638069 0.236580739815 0.815338395393 0.369956624658 205.859534737   
0.00205471729452 0.00019233290479 270.168036029 0.0974013533333 64.4230324519   
0.00319146638069 0.223463055485 0.815338395393 0.316101720344 64.4230324519   
0.00205471729452 0.000104725502781 270.168036029 0.0331880133333 21.1792641335   
0.00319146638069 0.102426925329 0.815338395393 0.19845928519 21.1792641335   
CALCULATING MATRIX.........n23


finished process
##############################


MATRIX PERMUTATION.....n2

 
MATRIX PERMUTATION.....n3

 
finished process
##############################


MODES.....n2

 
MODES.....n3

 
finished process
##############################


MODES.....n2

 
MODES.....n3

 
finished process 




