

MEAN_L1= 2.65234249953e-06
MEAN_L2= 1.985789354e-05

MEAN_L1= 1.74311351705e-06
MEAN_L2= 3.51166147272e-05
0.000265234249953 7.50697028958e-05 362.981664556 -0.422903413333 141.460756288   
0.0001985789354 0.151758978036 0.331801774682 -0.5716185993 141.460756288   
0.000265234249953 6.91350988175e-05 362.981664556 -0.56526402 114.342839481   
0.0001985789354 0.126356887577 0.331801774682 -0.199891349008 114.342839481   
0.000265234249953 6.07270672363e-05 362.981664556 -0.447783366667 64.5756624972   
0.0001985789354 0.0762231225204 0.331801774682 0.124475140904 64.5756624972   
0.000265234249953 5.94075018841e-05 362.981664556 -0.507213746667 54.566373118   
0.0001985789354 0.0543808558378 0.331801774682 0.354188837752 54.566373118   
0.000265234249953 3.59864270131e-05 362.981664556 -0.19494848 16.0872185736   
0.0001985789354 0.07414849255 0.331801774682 0.421117415374 16.0872185736   
0.000265234249953 1.02414930425e-05 362.981664556 -0.0698333066667 4.98729810677   
0.0001985789354 0.0657595302034 0.331801774682 0.391954227114 4.98729810677   
0.000265234249953 1.67257286924e-05 362.981664556 -0.0311711666667 2.13837498754   
0.0001985789354 0.058501046895 0.331801774682 0.31681980657 2.13837498754   
0.000174311351705 0.000684121304896 30.381914741 0.291539013333 141.460756288   
0.000351166147272 0.0822084907714 0.157919934558 0.886822668004 141.460756288   
0.000174311351705 0.000593186873163 30.381914741 0.51116666 114.342839481   
0.000351166147272 0.130354707799 0.157919934558 -0.305710631896 114.342839481   
0.000174311351705 0.000471591583855 30.381914741 0.474043313333 64.5756624972   
0.000351166147272 0.13432067547 0.157919934558 -0.0575851822133 64.5756624972   
0.000174311351705 0.000441397451459 30.381914741 0.598341406667 54.566373118   
0.000351166147272 0.130132688432 0.157919934558 -0.170875232364 54.566373118   
0.000174311351705 0.000265372057377 30.381914741 0.247607993333 16.0872185736   
0.000351166147272 0.0855886880222 0.157919934558 0.0748598194584 16.0872185736   
0.000174311351705 0.000140318183034 30.381914741 0.0902950866667 4.98729810677   
0.000351166147272 0.0617290167895 0.157919934558 0.0745649414911 4.98729810677   
0.000174311351705 0.00010026623759 30.381914741 0.0389877066667 2.13837498754   
0.000351166147272 0.0625547143624 0.157919934558 0.0513050752257 2.13837498754   
CALCULATING MATRIX.........n23


finished process
##############################


MATRIX PERMUTATION.....n2

 
MATRIX PERMUTATION.....n3

 
finished process
##############################


MODES.....n2

 
MODES.....n3

 
finished process
##############################


MODES.....n2

 
MODES.....n3

 
finished process 




