

MEAN_L1= 2.41385274672e-05
MEAN_L2= 0.000229435699475

MEAN_L1= 1.87219421558e-05
MEAN_L2= 0.000215534520427
0.00241385274672 0.000103988867075 2440.275762 -0.4158474 1428.59389455   
0.00229435699475 0.125763094542 2.04279622318 -0.627550669069 1428.59389455   
0.00241385274672 9.19186084875e-05 2440.275762 -0.558830693333 1143.50237583   
0.00229435699475 0.151466000633 2.04279622318 -0.247654857009 1143.50237583   
0.00241385274672 7.88518724048e-05 2440.275762 -0.448187993333 642.646283792   
0.00229435699475 0.0873193106717 2.04279622318 0.238970504221 642.646283792   
0.00241385274672 7.74926030377e-05 2440.275762 -0.516749913333 546.257844794   
0.00229435699475 0.101761283303 2.04279622318 0.337207671772 546.257844794   
0.00241385274672 4.55732741947e-05 2440.275762 -0.202568766667 164.102440324   
0.00229435699475 0.0556843028088 2.04279622318 0.470309290219 164.102440324   
0.00241385274672 3.15690312284e-05 2440.275762 -0.0722779733333 50.7309328094   
0.00229435699475 0.0487852963696 2.04279622318 0.269596959989 50.7309328094   
0.00241385274672 3.33319226366e-05 2440.275762 -0.02486636 16.6133515691   
0.00229435699475 0.028573214562 2.04279622318 0.130853068375 16.6133515691   
0.00187219421558 0.000195464928411 1100.24425682 -0.28399278 1428.59389455   
0.00215534520427 0.18416822874 0.304139532356 0.813677178301 1428.59389455   
0.00187219421558 0.000172223951832 1100.24425682 -0.50067294 1143.50237583   
0.00215534520427 0.203079020956 0.304139532356 0.0340809953755 1143.50237583   
0.00187219421558 0.000138307493661 1100.24425682 -0.47006896 642.646283792   
0.00215534520427 0.243881789625 0.304139532356 -0.0609058650811 642.646283792   
0.00187219421558 0.000131048947703 1100.24425682 -0.608388866667 546.257844794   
0.00215534520427 0.209331081059 0.304139532356 -0.238338361594 546.257844794   
0.00187219421558 8.14839435208e-05 1100.24425682 -0.259439893333 164.102440324   
0.00215534520427 0.113734746663 0.304139532356 -0.254467327314 164.102440324   
0.00187219421558 4.54544186892e-05 1100.24425682 -0.0958047733333 50.7309328094   
0.00215534520427 0.0637114470815 0.304139532356 -0.0537946634368 50.7309328094   
0.00187219421558 3.19887306551e-05 1100.24425682 -0.0329231 16.6133515691   
0.00215534520427 0.0543819551799 0.304139532356 -0.100979600675 16.6133515691   
CALCULATING MATRIX.........n23


finished process
##############################


MATRIX PERMUTATION.....n2

 
MATRIX PERMUTATION.....n3

 
finished process
##############################


MODES.....n2

 
MODES.....n3

 
finished process
##############################


MODES.....n2

 
MODES.....n3

 
finished process 




