

MEAN_L1= 4.9469687805e-06
MEAN_L2= 3.12348295581e-05

MEAN_L1= 3.19989132695e-06
MEAN_L2= 4.32419129792e-05
0.00049469687805 5.88858022058e-05 901.515805745 -0.422134673333 253.621749113   
0.000312348295581 0.151301455527 0.452139605073 0.346514880833 253.621749113   
0.00049469687805 5.48978496583e-05 901.515805745 -0.564568553333 204.466338063   
0.000312348295581 0.121269120661 0.452139605073 0.367276760798 204.466338063   
0.00049469687805 4.72002845671e-05 901.515805745 -0.448117426667 115.250284038   
0.000312348295581 0.0760801957604 0.452139605073 0.0600075438948 115.250284038   
0.00049469687805 4.74101513666e-05 901.515805745 -0.508467746667 97.4002859936   
0.000312348295581 0.0712835374048 0.452139605073 -0.502782275185 97.4002859936   
0.00049469687805 2.57106628177e-05 901.515805745 -0.195767526667 28.7989510232   
0.000312348295581 0.0558934498183 0.452139605073 -0.476412283864 28.7989510232   
0.00049469687805 3.82338407687e-06 901.515805745 -0.0688331133333 8.78708114574   
0.000312348295581 0.0402527062612 0.452139605073 -0.352296401629 8.78708114574   
0.00049469687805 1.63250317812e-06 901.515805745 -0.0255666266667 3.14293206601   
0.000312348295581 0.0373866186543 0.452139605073 -0.288015755391 3.14293206601   
0.000319989132695 0.000424151917381 87.7747562559 -0.288453133333 253.621749113   
0.000432419129792 0.339124724983 0.104605425394 0.487271630754 253.621749113   
0.000319989132695 0.000371260976686 87.7747562559 -0.509526873333 204.466338063   
0.000432419129792 0.39042876098 0.104605425394 -0.0555555425822 204.466338063   
0.000319989132695 0.000299403685742 87.7747562559 -0.472777806667 115.250284038   
0.000432419129792 0.296382825169 0.104605425394 -0.11937885221 115.250284038   
0.000319989132695 0.000276316398051 87.7747562559 -0.601831726667 97.4002859936   
0.000432419129792 0.447764661983 0.104605425394 -0.149098103528 97.4002859936   
0.000319989132695 0.000168100554022 87.7747562559 -0.24951552 28.7989510232   
0.000432419129792 0.272765188422 0.104605425394 0.125677405088 28.7989510232   
0.000319989132695 8.82223453568e-05 87.7747562559 -0.0900781333333 8.78708114574   
0.000432419129792 0.245958234314 0.104605425394 0.045141863921 8.78708114574   
0.000319989132695 5.3085654477e-05 87.7747562559 -0.0329282866667 3.14293206601   
0.000432419129792 0.110940083557 0.104605425394 -0.0467524572763 3.14293206601   
CALCULATING MATRIX.........n23


finished process
##############################


MATRIX PERMUTATION.....n2

 
MATRIX PERMUTATION.....n3

 
finished process
##############################


MODES.....n2

 
MODES.....n3

 
finished process
##############################


MODES.....n2

 
MODES.....n3

 
finished process 




