

MEAN_L1= 2.34342303661e-05
MEAN_L2= 0.000270037420435

MEAN_L1= 2.06533918291e-05
MEAN_L2= 0.000315230481113
0.00234342303661 0.00336518109024 78.4572554689 -0.38511658 1719.07245715   
0.00270037420435 0.075513661432 2.50982518592 0.630427813333 1719.07245715   
0.00234342303661 0.00281345757692 78.4572554689 -0.547558693333 1382.801998   
0.00270037420435 0.0759792988777 2.50982518592 0.389822066667 1382.801998   
0.00234342303661 0.0023457903299 78.4572554689 -0.44796084 782.975861669   
0.00270037420435 0.0753354888069 2.50982518592 -0.205785546667 782.975861669   
0.00234342303661 0.00230809602264 78.4572554689 -0.53088748 673.663357535   
0.00270037420435 0.0538610649907 2.50982518592 -0.517612886667 673.663357535   
0.00234342303661 0.00134421834994 78.4572554689 -0.23563212 205.859534737   
0.00270037420435 0.0536098144393 2.50982518592 -0.300683273333 205.859534737   
0.00234342303661 0.000727888154755 78.4572554689 -0.107009246667 64.4230324519   
0.00270037420435 0.0289127688946 2.50982518592 -0.1293614 64.4230324519   
0.00234342303661 0.000399252244187 78.4572554689 -0.0484564533333 21.1792641335   
0.00270037420435 0.0178549463948 2.50982518592 -0.09540916 21.1792641335   
0.00206533918291 0.000897283191336 270.168356523 0.284730173333 1719.07245715   
0.00315230481113 0.267568288013 0.814025514402 -0.539473090642 1719.07245715   
0.00206533918291 0.000784110970789 270.168356523 0.495736493333 1382.801998   
0.00315230481113 0.340625785837 0.814025514402 -0.250689018902 1382.801998   
0.00206533918291 0.000622990436879 270.168356523 0.467621066667 782.975861669   
0.00315230481113 0.133269666995 0.814025514402 0.132819085242 782.975861669   
0.00206533918291 0.00058027652669 270.168356523 0.611683846667 673.663357535   
0.00315230481113 0.122643004377 0.814025514402 0.131547971464 673.663357535   
0.00206533918291 0.000367333587722 270.168356523 0.26411524 205.859534737   
0.00315230481113 0.234169362544 0.814025514402 0.371114188085 205.859534737   
0.00206533918291 0.000191638112525 270.168356523 0.09740454 64.4230324519   
0.00315230481113 0.222481566571 0.814025514402 0.315394642798 64.4230324519   
0.00206533918291 0.000106131775325 270.168356523 0.03318714 21.1792641335   
0.00315230481113 0.101078365881 0.814025514402 0.197503153649 21.1792641335   
CALCULATING MATRIX.........n23


finished process
##############################


MATRIX PERMUTATION.....n2

 
MATRIX PERMUTATION.....n3

 
finished process
##############################


MODES.....n2

 
MODES.....n3

 
finished process
##############################


MODES.....n2

 
MODES.....n3

 
finished process 




