

MEAN_L1= 1.87763051949e-05
MEAN_L2= 0.000108626042243

MEAN_L1= 1.26303196962e-05
MEAN_L2= 0.000195605056311
0.00187763051949 5.33015895003e-05 3750.98812469 -0.418322386667 969.953260866   
0.00108626042243 0.139446505015 1.10539752363 -0.33272752869 969.953260866   
0.00187763051949 4.96231192385e-05 3750.98812469 -0.560923146667 776.590324282   
0.00108626042243 0.118629630463 1.10539752363 -0.310690519082 776.590324282   
0.00187763051949 4.322632696e-05 3750.98812469 -0.44841932 435.860470661   
0.00108626042243 0.110605188928 1.10539752363 -0.166026087537 435.860470661   
0.00187763051949 4.31396491715e-05 3750.98812469 -0.513619806667 368.878921321   
0.00108626042243 0.092348838902 1.10539752363 0.499411962904 368.878921321   
0.00187763051949 2.68803141655e-05 3750.98812469 -0.199822093333 109.946073257   
0.00108626042243 0.0783153470432 1.10539752363 0.488507886309 109.946073257   
0.00187763051949 9.69156327827e-06 3750.98812469 -0.0705681066667 33.7756739863   
0.00108626042243 0.058596726718 1.10539752363 0.402801868161 33.7756739863   
0.00187763051949 0.0 3750.98812469 -0.0240333333333 11.0482574342   
0.00108626042243 0.0352127341614 1.10539752363 0.223184133974 11.0482574342   
0.00126303196962 0.000176776408217 808.157752498 -0.285698146667 969.953260866   
0.00195605056311 0.131853267313 0.806087535485 0.677910103843 969.953260866   
0.00126303196962 0.000155651442325 808.157752498 -0.504273413333 776.590324282   
0.00195605056311 0.123045189485 0.806087535485 -0.585184683963 776.590324282   
0.00126303196962 0.000125902822365 808.157752498 -0.471366853333 435.860470661   
0.00195605056311 0.12549304653 0.806087535485 0.326692694247 435.860470661   
0.00126303196962 0.000119083922326 808.157752498 -0.605669706667 368.878921321   
0.00195605056311 0.135267524489 0.806087535485 -0.0809672276203 368.878921321   
0.00126303196962 7.47451132543e-05 808.157752498 -0.255560606667 109.946073257   
0.00195605056311 0.0841085501872 0.806087535485 -0.0320495208521 109.946073257   
0.00126303196962 4.1380701899e-05 808.157752498 -0.09344708 33.7756739863   
0.00195605056311 0.0502512160674 0.806087535485 0.065486857658 33.7756739863   
0.00126303196962 3.11734580789e-05 808.157752498 -0.03192138 11.0482574342   
0.00195605056311 0.0333674287772 0.806087535485 -0.0459727303082 11.0482574342   
CALCULATING MATRIX.........n23


finished process
##############################


MATRIX PERMUTATION.....n2

 
MATRIX PERMUTATION.....n3

 
finished process
##############################


MODES.....n2

 
MODES.....n3

 
finished process
##############################


MODES.....n2

 
MODES.....n3

 
finished process 




