

MEAN_L1= 1.34425507394e-05
MEAN_L2= 9.41995755076e-05

MEAN_L1= 8.30847793552e-06
MEAN_L2= 8.92589368234e-05
0.00134425507394 4.83212136235e-05 2941.95227003 -0.420048773333 647.923661994   
0.000941995755076 0.147875007234 0.883668522364 0.538119296645 647.923661994   
0.00134425507394 4.54914062365e-05 2941.95227003 -0.56227042 519.667812381   
0.000941995755076 0.190529729054 0.883668522364 0.100489284146 519.667812381   
0.00134425507394 4.02502727379e-05 2941.95227003 -0.4483306 291.880084297   
0.000941995755076 0.101615109806 0.883668522364 0.12214042431 291.880084297   
0.00134425507394 4.03107258098e-05 2941.95227003 -0.511618593333 246.722265817   
0.000941995755076 0.0965539771937 0.883668522364 -0.397408165265 246.722265817   
0.00134425507394 3.33107763688e-05 2941.95227003 -0.198068213333 73.2871398726   
0.000941995755076 0.0800930150329 0.883668522364 -0.531473419817 73.2871398726   
0.00134425507394 2.79867778266e-05 2941.95227003 -0.06975144 22.4489205735   
0.000941995755076 0.0562627368045 0.883668522364 -0.347724093781 22.4489205735   
0.00134425507394 0.0 2941.95227003 -0.0237 7.35642871977   
0.000941995755076 0.0366773241502 0.883668522364 -0.188042508699 7.35642871977   
0.000830847793552 0.000217140424584 439.75449218 -0.286729646667 647.923661994   
0.000892589368234 0.243882165013 0.392854635203 0.699241111222 647.923661994   
0.000830847793552 0.00019233435313 439.75449218 -0.506739826667 519.667812381   
0.000892589368234 0.235314968926 0.392854635203 0.0689512979854 519.667812381   
0.000830847793552 0.000156081277643 439.75449218 -0.471634813333 291.880084297   
0.000892589368234 0.207344903049 0.392854635203 0.0800961311015 291.880084297   
0.000830847793552 0.00014659435706 439.75449218 -0.60404418 246.722265817   
0.000892589368234 0.290616394217 0.392854635203 -0.31425833751 246.722265817   
0.000830847793552 8.96757576428e-05 439.75449218 -0.25341736 73.2871398726   
0.000892589368234 0.133649262474 0.392854635203 -0.229443784037 73.2871398726   
0.000830847793552 4.93126154403e-05 439.75449218 -0.0921218133333 22.4489205735   
0.000892589368234 0.120740919068 0.392854635203 -0.232292496074 22.4489205735   
0.000830847793552 2.8656975105e-05 439.75449218 -0.0313756666667 7.35642871977   
0.000892589368234 0.0699971879947 0.392854635203 -0.122016948983 7.35642871977   
CALCULATING MATRIX.........n23


finished process
##############################


MATRIX PERMUTATION.....n2

 
MATRIX PERMUTATION.....n3

 
finished process
##############################


MODES.....n2

 
MODES.....n3

 
finished process
##############################


MODES.....n2

 
MODES.....n3

 
finished process 




