

MEAN_L1= 8.5064972551e-06
MEAN_L2= 6.99046379983e-05

MEAN_L1= 5.40709460852e-06
MEAN_L2= 8.07361647463e-05
0.00085064972551 5.1071629548e-05 1798.90651863 -0.421282573333 417.613113582   
0.000699046379983 0.0668605803475 0.821083768173 -0.558500186667 417.613113582   
0.00085064972551 4.74448321626e-05 1798.90651863 -0.563469433333 335.740887284   
0.000699046379983 0.0611239704824 0.821083768173 -0.308598833333 335.740887284   
0.00085064972551 4.22331624848e-05 1798.90651863 -0.448113933333 188.873123564   
0.000699046379983 0.0821137807127 0.821083768173 0.08633502 188.873123564   
0.00085064972551 4.18416825329e-05 1798.90651863 -0.50999144 159.606911304   
0.000699046379983 0.0487146839449 0.821083768173 0.511722453333 159.606911304   
0.00085064972551 3.1214709025e-05 1798.90651863 -0.196854746667 47.2969778031   
0.000699046379983 0.0497906588865 0.821083768173 0.4368474 47.2969778031   
0.00085064972551 1.28904426522e-05 1798.90651863 -0.0692974066667 14.4555346102   
0.000699046379983 0.0348572049721 0.821083768173 0.273643073333 14.4555346102   
0.00085064972551 1.26167719103e-05 1798.90651863 -0.0239641866667 4.81619522023   
0.000699046379983 0.0241788085741 0.821083768173 0.190298386667 4.81619522023   
0.000540709460852 0.000288048142193 210.770087961 -0.2876107 417.613113582   
0.000807361647463 0.42779409466 0.295300448867 -0.372891402368 417.613113582   
0.000540709460852 0.000253778650501 210.770087961 -0.50807774 335.740887284   
0.000807361647463 0.381115755 0.295300448867 0.56413921961 335.740887284   
0.000540709460852 0.000206225366032 210.770087961 -0.472568973333 188.873123564   
0.000807361647463 0.25802502623 0.295300448867 -0.0525566149742 188.873123564   
0.000540709460852 0.000192946720337 210.770087961 -0.602533246667 159.606911304   
0.000807361647463 0.230509011598 0.295300448867 -0.190930108388 159.606911304   
0.000540709460852 0.000117050677361 210.770087961 -0.2520095 47.2969778031   
0.000807361647463 0.1060916507 0.295300448867 -0.104688634317 47.2969778031   
0.000540709460852 6.31825067316e-05 210.770087961 -0.0909945866667 14.4555346102   
0.000807361647463 0.0995446347251 0.295300448867 -0.122617338669 14.4555346102   
0.000540709460852 3.70125738374e-05 210.770087961 -0.03130054 4.81619522023   
0.000807361647463 0.0667383468172 0.295300448867 -0.062455897949 4.81619522023   
CALCULATING MATRIX.........n23


finished process
##############################


MATRIX PERMUTATION.....n2

 
MATRIX PERMUTATION.....n3

 
finished process
##############################


MODES.....n2

 
MODES.....n3

 
finished process
##############################


MODES.....n2

 
MODES.....n3

 
finished process 




