

MEAN_L1= 2.48345020112e-05
MEAN_L2= 0.000198369497603

MEAN_L1= 2.02469225163e-05
MEAN_L2= 0.000113290436189
0.00248345020112 0.000174370680574 1516.6695071 -0.41430294 1574.00116494   
0.00198369497603 0.185159666396 1.56310861567 -0.475617425696 1574.00116494   
0.00248345020112 0.000151683974962 1516.6695071 -0.557259613333 1260.36536802   
0.00198369497603 0.180510000138 1.56310861567 -0.366628062203 1260.36536802   
0.00248345020112 0.00012858187138 1516.6695071 -0.448218013333 709.012339742   
0.00198369497603 0.116081146921 1.56310861567 0.116567043657 709.012339742   
0.00248345020112 0.000125632818079 1516.6695071 -0.51855278 603.889318543   
0.00198369497603 0.0766944609435 1.56310861567 0.439968120771 603.889318543   
0.00248345020112 7.1937820081e-05 1516.6695071 -0.204730826667 182.004884139   
0.00198369497603 0.092240468248 1.56310861567 0.457831057929 182.004884139   
0.00248345020112 4.00048435928e-05 1516.6695071 -0.07378106 56.4026885909   
0.00198369497603 0.0579708146781 1.56310861567 0.317503520819 56.4026885909   
0.00248345020112 3.1016050327e-05 1516.6695071 -0.0256789866667 18.4833354887   
0.00198369497603 0.0402864514851 1.56310861567 0.148585004544 18.4833354887   
0.00202469225163 0.00021839047347 1067.41502852 -0.284504033333 1574.00116494   
0.00113290436189 0.235415731553 0.357107809776 0.728196136979 1574.00116494   
0.00202469225163 0.000192791698545 1067.41502852 -0.4991195 1260.36536802   
0.00113290436189 0.338406303629 0.357107809776 -0.144514231781 1260.36536802   
0.00202469225163 0.000155667988002 1067.41502852 -0.469539473333 709.012339742   
0.00113290436189 0.239648910997 0.357107809776 -0.274892914617 709.012339742   
0.00202469225163 0.000147512115127 1067.41502852 -0.609148126667 603.889318543   
0.00113290436189 0.211402705408 0.357107809776 -0.0223240857263 603.889318543   
0.00202469225163 9.29034440505e-05 1067.41502852 -0.26063584 182.004884139   
0.00113290436189 0.24200160993 0.357107809776 0.0616103229989 182.004884139   
0.00202469225163 4.9984402442e-05 1067.41502852 -0.09676022 56.4026885909   
0.00113290436189 0.138563751696 0.357107809776 -0.0769078633261 56.4026885909   
0.00202469225163 3.33893336177e-05 1067.41502852 -0.03339218 18.4833354887   
0.00113290436189 0.111268388551 0.357107809776 -0.0293762307898 18.4833354887   
CALCULATING MATRIX.........n23


finished process
##############################


MATRIX PERMUTATION.....n2

 
MATRIX PERMUTATION.....n3

 
finished process
##############################


MODES.....n2

 
MODES.....n3

 
finished process
##############################


MODES.....n2

 
MODES.....n3

 
finished process 




