

MEAN_L1= 2.62344821581e-06
MEAN_L2= 1.99654527787e-05

MEAN_L1= 1.77110113765e-06
MEAN_L2= 3.51937296736e-05
0.000262344821581 7.66932130282e-05 362.982321951 -0.4229048 141.460756288   
0.000199654527787 0.153402739397 0.332387549161 -0.574284318826 141.460756288   
0.000262344821581 6.87484168219e-05 362.982321951 -0.56526386 114.342839481   
0.000199654527787 0.127444706812 0.332387549161 -0.198471872603 114.342839481   
0.000262344821581 5.98199933683e-05 362.982321951 -0.447783446667 64.5756624972   
0.000199654527787 0.07644245742 0.332387549161 0.125072012673 64.5756624972   
0.000262344821581 5.89609890084e-05 362.982321951 -0.50721286 54.566373118   
0.000199654527787 0.0541706287855 0.332387549161 0.355397241954 54.566373118   
0.000262344821581 3.55010554025e-05 362.982321951 -0.194949113333 16.0872185736   
0.000199654527787 0.0743320237548 0.332387549161 0.419369261297 16.0872185736   
0.000262344821581 1.00431757203e-05 362.982321951 -0.06983318 4.98729810677   
0.000199654527787 0.06651398236 0.332387549161 0.389855604469 4.98729810677   
0.000262344821581 1.65637878065e-05 362.982321951 -0.0311710733333 2.13837498754   
0.000199654527787 0.0591479738743 0.332387549161 0.314638409205 2.13837498754   
0.000177110113765 0.000688786044173 30.3818940256 0.29154158 141.460756288   
0.000351937296736 0.0807365783155 0.157789947936 0.886983289852 141.460756288   
0.000177110113765 0.000591620238545 30.3818940256 0.511177066667 114.342839481   
0.000351937296736 0.128754119574 0.157789947936 -0.305869543113 114.342839481   
0.000177110113765 0.000470842863279 30.3818940256 0.474030773333 64.5756624972   
0.000351937296736 0.13363492678 0.157789947936 -0.0539985216402 64.5756624972   
0.000177110113765 0.000437103321288 30.3818940256 0.598343586667 54.566373118   
0.000351937296736 0.129807047169 0.157789947936 -0.174443267108 54.566373118   
0.000177110113765 0.00026832946375 30.3818940256 0.247600433333 16.0872185736   
0.000351937296736 0.0843844468458 0.157789947936 0.0761619707004 16.0872185736   
0.000177110113765 0.000142173040124 30.3818940256 0.0902937333333 4.98729810677   
0.000351937296736 0.0599497947318 0.157789947936 0.0760070506388 4.98729810677   
0.000177110113765 0.000101988212827 30.3818940256 0.0389880666667 2.13837498754   
0.000351937296736 0.0596550976522 0.157789947936 0.0519923740718 2.13837498754   
CALCULATING MATRIX.........n23


finished process
##############################


MATRIX PERMUTATION.....n2

 
MATRIX PERMUTATION.....n3

 
finished process
##############################


MODES.....n2

 
MODES.....n3

 
finished process
##############################


MODES.....n2

 
MODES.....n3

 
finished process 




