

RMS_L1= 0.000174763298603
RMS_L2= 0.00138748441465

RMS_L1= 0.000111996349859
RMS_L2= 0.000350121363967
0.0174763298603 2.09719120781e-05 901.317121291 -0.422229366667 253.622721594   
0.0138748441465 0.0295580755729 0.508866398555 0.58463466 253.622721594   
0.0174763298603 1.67193850761e-05 901.317121291 -0.564431993333 204.466459545   
0.0138748441465 0.028804730524 0.508866398555 0.22710866 204.466459545   
0.0174763298603 1.41270405455e-05 901.317121291 -0.448035733333 115.246074499   
0.0138748441465 0.0214551762084 0.508866398555 -0.02314498 115.246074499   
0.0174763298603 1.54747052374e-05 901.317121291 -0.50856332 97.4018161349   
0.0138748441465 0.0169067040169 0.508866398555 -0.482938926667 97.4018161349   
0.0174763298603 9.4271560639e-07 901.317121291 -0.195900013333 28.7983291229   
0.0138748441465 0.0190750093089 0.508866398555 -0.46882854 28.7983291229   
0.0174763298603 0.0 901.317121291 -0.0688333333333 8.78576808461   
0.0138748441465 0.0136455170738 0.508866398555 -0.308483233333 8.78576808461   
0.0174763298603 0.0 901.317121291 -0.0255666666667 3.14340054805   
0.0138748441465 0.0115308790289 0.508866398555 -0.234015446667 3.14340054805   
0.0111996349859 0.000147051996843 87.8663125549 -0.288433726667 253.622721594   
0.00350121363967 0.228815273922 0.0270114527987 0.468768766238 253.622721594   
0.0111996349859 0.000129501454512 87.8663125549 -0.5092702 204.466459545   
0.00350121363967 0.15027149891 0.0270114527987 -0.66199875711 204.466459545   
0.0111996349859 0.000105602786307 87.8663125549 -0.47325246 115.246074499   
0.00350121363967 0.0939145390242 0.0270114527987 0.427106404045 115.246074499   
0.0111996349859 9.92527804356e-05 87.8663125549 -0.601640786667 97.4018161349   
0.00350121363967 0.138364796354 0.0270114527987 -0.0563721367881 97.4018161349   
0.0111996349859 6.14354743155e-05 87.8663125549 -0.249621226667 28.7983291229   
0.00350121363967 0.0883137252924 0.0270114527987 0.077722863563 28.7983291229   
0.0111996349859 3.70101914119e-05 87.8663125549 -0.09006682 8.78576808461   
0.00350121363967 0.105191485544 0.0270114527987 0.142428593498 8.78576808461   
0.0111996349859 2.26494993784e-05 87.8663125549 -0.0329749866667 3.14340054805   
0.00350121363967 0.079268579987 0.0270114527987 0.0451465276315 3.14340054805   
CALCULATING MATRIX.........n23


finished process
##############################


MATRIX PERMUTATION.....n2

 
MATRIX PERMUTATION.....n3

 
finished process
##############################


MODES.....n2

 
MODES.....n3

 
finished process
##############################


MODES.....n2

 
MODES.....n3

 
finished process 




