

RMS_L1= 0.000460332996302
RMS_L2= 0.00333420221368

RMS_L1= 0.000290549295661
RMS_L2= 0.00261358025482
0.0460332996302 3.05388533398e-05 2942.04964963 -0.420080026667 647.962448012   
0.0333420221368 0.0449838483786 0.927367823232 -0.458471846667 647.962448012   
0.0460332996302 9.96683579432e-06 2942.04964963 -0.5623662 519.701136333   
0.0333420221368 0.0409146281571 0.927367823232 -0.395996586667 519.701136333   
0.0460332996302 3.33271886452e-05 2942.04964963 -0.44820064 291.897122907   
0.0333420221368 0.0335010381021 0.927367823232 0.0942386533333 291.897122907   
0.0460332996302 2.87119025382e-05 2942.04964963 -0.511583066667 246.743734288   
0.0333420221368 0.0256348842765 0.927367823232 0.492078466667 246.743734288   
0.0460332996302 1.88486436615e-06 2942.04964963 -0.198099946667 73.2922651945   
0.0333420221368 0.0228305489511 0.927367823232 0.47062462 73.2922651945   
0.0460332996302 1.61855340142e-05 2942.04964963 -0.06977086 22.4503665989   
0.0333420221368 0.0165999840968 0.927367823232 0.330048953333 22.4503665989   
0.0460332996302 0.0 2942.04964963 -0.0237666666667 7.35775973812   
0.0333420221368 0.0105760175389 0.927367823232 0.212515553333 7.35775973812   
0.0290549295661 7.77002685437e-05 439.631348672 -0.286316626667 647.962448012   
0.0261358025482 0.0262398889073 0.149277058881 0.884180046667 647.962448012   
0.0290549295661 6.80130366431e-05 439.631348672 -0.506596733333 519.701136333   
0.0261358025482 0.0663099430755 0.149277058881 -0.00266261333333 519.701136333   
0.0290549295661 5.71892087016e-05 439.631348672 -0.472019173333 291.897122907   
0.0261358025482 0.0459304861376 0.149277058881 0.0546529533333 291.897122907   
0.0290549295661 5.39125947741e-05 439.631348672 -0.603977766667 246.743734288   
0.0261358025482 0.0316788484018 0.149277058881 -0.357548073333 246.743734288   
0.0290549295661 3.55439751459e-05 439.631348672 -0.25357994 73.2922651945   
0.0261358025482 0.0475279303871 0.149277058881 -0.163498053333 73.2922651945   
0.0290549295661 1.80845409386e-05 439.631348672 -0.09223846 22.4503665989   
0.0261358025482 0.0291439650367 0.149277058881 -0.171501393333 22.4503665989   
0.0290549295661 0.0 439.631348672 -0.0313 7.35775973812   
0.0261358025482 0.0208064866175 0.149277058881 -0.13966574 7.35775973812   
CALCULATING MATRIX.........n23


finished process
##############################


MATRIX PERMUTATION.....n2

 
MATRIX PERMUTATION.....n3

 
finished process
##############################


MODES.....n2

 
MODES.....n3

 
finished process
##############################


MODES.....n2

 
MODES.....n3

 
finished process 




