

RMS_L1= 6.26274372891e-06
RMS_L2= 5.3629949871e-08

RMS_L1= 5.47714472182e-06
RMS_L2= 7.92308688498e-09
0.000626274372891 5.26835606386e-09 2440.51325606 -0.415633333333 1428.52493583   
5.3629949871e-07 0.0 1.47430969857 -0.526966666667 1428.52493583   
0.000626274372891 0.0 2440.51325606 -0.5587 1143.45642202   
5.3629949871e-07 2.63417803193e-09 1.47430969857 -0.189833333333 1143.45642202   
0.000626274372891 0.0 2440.51325606 -0.4485 642.612586756   
5.3629949871e-07 1.86264514923e-09 1.47430969857 -0.1359 642.612586756   
0.000626274372891 0.0 2440.51325606 -0.516766666667 546.231185479   
5.3629949871e-07 0.0 1.47430969857 0.496033333333 546.231185479   
0.000626274372891 0.0 2440.51325606 -0.202633333333 164.092170639   
5.3629949871e-07 5.26835606386e-09 1.47430969857 0.4795 164.092170639   
0.000626274372891 0.0 2440.51325606 -0.0722333333333 50.7241845378   
5.3629949871e-07 0.0 1.47430969857 0.369966666667 50.7241845378   
0.000626274372891 3.29272253991e-10 2440.51325606 -0.0248333333333 16.6132545173   
5.3629949871e-07 2.63417803193e-09 1.47430969857 0.2343 16.6132545173   
0.000547714472182 0.0 1100.11616858 -0.2843 1428.52493583   
7.92308688498e-08 0.0 0.200572682411 -0.7165 1428.52493583   
0.000547714472182 0.0 1100.11616858 -0.500833333333 1143.45642202   
7.92308688498e-08 0.0 0.200572682411 -0.315433333333 1143.45642202   
0.000547714472182 5.26835606386e-09 1100.11616858 -0.469833333333 642.612586756   
7.92308688498e-08 0.0 0.200572682411 0.127433333333 642.612586756   
0.000547714472182 7.45058059692e-09 1100.11616858 -0.6083 546.231185479   
7.92308688498e-08 0.0 0.200572682411 0.280566666667 546.231185479   
0.000547714472182 0.0 1100.11616858 -0.259366666667 164.092170639   
7.92308688498e-08 0.0 0.200572682411 0.346166666667 164.092170639   
0.000547714472182 0.0 1100.11616858 -0.0957 50.7241845378   
7.92308688498e-08 0.0 0.200572682411 0.362633333333 50.7241845378   
0.000547714472182 0.0 1100.11616858 -0.0329 16.6132545173   
7.92308688498e-08 2.63417803193e-09 0.200572682411 0.202033333333 16.6132545173   
CALCULATING MATRIX.........n23


finished process
##############################


MATRIX PERMUTATION.....n2

 
MATRIX PERMUTATION.....n3

 
finished process
##############################


MODES.....n2

 
MODES.....n3

 
finished process
##############################


MODES.....n2

 
MODES.....n3

 
finished process 




