

RMS_L1= 0.000177163574598
RMS_L2= 0.00137940880879

RMS_L1= 0.000111763783181
RMS_L2= 0.000353265048162
0.0177163574598 2.16257918017e-05 901.317275792 -0.422229026667 253.622721594   
0.0137940880879 0.0292939606916 0.508995268095 0.584669226667 253.622721594   
0.0177163574598 1.63273689832e-05 901.317275792 -0.564432606667 204.466459545   
0.0137940880879 0.0287273661847 0.508995268095 0.22721998 204.466459545   
0.0177163574598 1.3899317204e-05 901.317275792 -0.448035673333 115.246074499   
0.0137940880879 0.0211481092786 0.508995268095 -0.0231384266667 115.246074499   
0.0177163574598 1.4943409424e-05 901.317275792 -0.5085635 97.4018161349   
0.0137940880879 0.0169166831401 0.508995268095 -0.483198853333 97.4018161349   
0.0177163574598 9.4271560639e-07 901.317275792 -0.195900013333 28.7983291229   
0.0137940880879 0.0190644457689 0.508995268095 -0.468594753333 28.7983291229   
0.0177163574598 0.0 901.317275792 -0.0688333333333 8.78576808461   
0.0137940880879 0.0134451506224 0.508995268095 -0.308434773333 8.78576808461   
0.0177163574598 0.0 901.317275792 -0.0255666666667 3.14340054805   
0.0137940880879 0.0115114606148 0.508995268095 -0.23390054 3.14340054805   
0.0111763783181 0.000150653250259 87.8661620734 -0.288433126667 253.622721594   
0.00353265048162 0.228465136672 0.0268663638191 0.465061519891 253.622721594   
0.0111763783181 0.000129953235654 87.8661620734 -0.509268593333 204.466459545   
0.00353265048162 0.14863060452 0.0268663638191 -0.664411913509 204.466459545   
0.0111763783181 0.00010504549275 87.8661620734 -0.473253 115.246074499   
0.00353265048162 0.0927697482926 0.0268663638191 0.427886424548 115.246074499   
0.0111763783181 9.79827811699e-05 87.8661620734 -0.601641153333 97.4018161349   
0.00353265048162 0.138699363777 0.0268663638191 -0.0541472831601 97.4018161349   
0.0111763783181 6.20265520935e-05 87.8661620734 -0.249622346667 28.7983291229   
0.00353265048162 0.0877656749844 0.0268663638191 0.0792713515972 28.7983291229   
0.0111763783181 3.70097308496e-05 87.8661620734 -0.0900664266667 8.78576808461   
0.00353265048162 0.104712921701 0.0268663638191 0.144211752563 8.78576808461   
0.0111763783181 2.27855704816e-05 87.8661620734 -0.0329752 3.14340054805   
0.00353265048162 0.0789099961347 0.0268663638191 0.046363041881 3.14340054805   
CALCULATING MATRIX.........n23


finished process
##############################


MATRIX PERMUTATION.....n2

 
MATRIX PERMUTATION.....n3

 
finished process
##############################


MODES.....n2

 
MODES.....n3

 
finished process
##############################


MODES.....n2

 
MODES.....n3

 
finished process 




