

RMS_L1= 0.000651657077037
RMS_L2= 0.00516212823224

RMS_L1= 0.000438805541001
RMS_L2= 0.00761553288888
0.0651657077037 2.64887090844e-05 3751.55406721 -0.41835396 969.978583504   
0.0516212823224 0.0424070274246 1.28152646211 0.544424113333 969.978583504   
0.0651657077037 1.73457197137e-05 3751.55406721 -0.560904373333 776.620913453   
0.0516212823224 0.0433485177146 1.28152646211 0.275784466667 776.620913453   
0.0651657077037 2.15937434644e-05 3751.55406721 -0.448374606667 435.87225657   
0.0516212823224 0.0356688572302 1.28152646211 0.0209961266667 435.87225657   
0.0651657077037 2.54901926343e-05 3751.55406721 -0.513645166667 368.883787289   
0.0516212823224 0.0241379652281 1.28152646211 -0.5344924 368.883787289   
0.0651657077037 9.42711926114e-07 3751.55406721 -0.19976668 109.952591293   
0.0516212823224 0.0254461219067 1.28152646211 -0.459239213333 109.952591293   
0.0651657077037 0.0 3751.55406721 -0.0706333333333 33.7793174144   
0.0516212823224 0.0168770916635 1.28152646211 -0.298666973333 33.7793174144   
0.0651657077037 0.0 3751.55406721 -0.0240333333333 11.0482341154   
0.0516212823224 0.0104847454481 1.28152646211 -0.1864 11.0482341154   
0.0438805541001 6.42683260251e-05 807.257766902 -0.28551466 969.978583504   
0.0761553288888 0.301376233404 0.582708206612 0.733941952586 969.978583504   
0.0438805541001 5.73377349241e-05 807.257766902 -0.50401492 776.620913453   
0.0761553288888 0.26701214461 0.582708206612 -0.247901153679 776.620913453   
0.0438805541001 4.81048736925e-05 807.257766902 -0.471227433333 435.87225657   
0.0761553288888 0.135347569373 0.582708206612 0.102593734787 435.87225657   
0.0438805541001 4.57396276544e-05 807.257766902 -0.605905953333 368.883787289   
0.0761553288888 0.138971531657 0.582708206612 -0.241932449735 368.883787289   
0.0438805541001 3.46183153808e-05 807.257766902 -0.255932506667 109.952591293   
0.0761553288888 0.246294499113 0.582708206612 0.0371879730586 109.952591293   
0.0438805541001 8.41657342172e-06 807.257766902 -0.0935675133333 33.7793174144   
0.0761553288888 0.206472312695 0.582708206612 0.0204480244073 33.7793174144   
0.0438805541001 2.49834611899e-05 807.257766902 -0.0318887333333 11.0482341154   
0.0761553288888 0.145574732386 0.582708206612 0.0691187056117 11.0482341154   
CALCULATING MATRIX.........n23


finished process
##############################


MATRIX PERMUTATION.....n2

 
MATRIX PERMUTATION.....n3

 
finished process
##############################


MODES.....n2

 
MODES.....n3

 
finished process
##############################


MODES.....n2

 
MODES.....n3

 
finished process 




