

RMS_L1= 0.000832819559508
RMS_L2= 0.00672985734386

RMS_L1= 0.000674147177707
RMS_L2= 0.00794628395895
0.0832819559508 6.04974456788e-05 1517.05846004 -0.414334513333 1574.01941568   
0.0672985734386 0.0560838180608 1.38543019702 -0.61589482 1574.01941568   
0.0832819559508 5.39788213991e-05 1517.05846004 -0.556739226667 1260.38327537   
0.0672985734386 0.0707851720777 1.38543019702 -0.127274813333 1260.38327537   
0.0832819559508 4.67559156644e-05 1517.05846004 -0.448485466667 709.003789051   
0.0672985734386 0.0490434842393 1.38543019702 -0.00144168 709.003789051   
0.0832819559508 4.56821283872e-05 1517.05846004 -0.518834593333 603.878755151   
0.0672985734386 0.026293215919 1.38543019702 0.37964382 603.878755151   
0.0832819559508 3.36919898817e-05 1517.05846004 -0.204861593333 182.001046762   
0.0672985734386 0.0314922503472 1.38543019702 0.448413986667 182.001046762   
0.0832819559508 2.58865044125e-05 1517.05846004 -0.073579 56.3982486413   
0.0672985734386 0.0264584343208 1.38543019702 0.42600326 56.3982486413   
0.0832819559508 9.55893997717e-06 1517.05846004 -0.0256319333333 18.4825578173   
0.0672985734386 0.0165822951869 1.38543019702 0.254105666667 18.4825578173   
0.0674147177707 7.56763961007e-05 1067.13528595 -0.284221913333 1574.01941568   
0.0794628395895 0.155839817407 0.369982854149 0.08737152 1574.01941568   
0.0674147177707 6.68939378441e-05 1067.13528595 -0.499216966667 1260.38327537   
0.0794628395895 0.138105357828 0.369982854149 0.707174566667 1260.38327537   
0.0674147177707 5.51970607801e-05 1067.13528595 -0.468995533333 709.003789051   
0.0794628395895 0.127357140186 0.369982854149 -0.10063908 709.003789051   
0.0674147177707 5.21462394175e-05 1067.13528595 -0.609495693333 603.878755151   
0.0794628395895 0.110719617209 0.369982854149 -0.330220413333 603.878755151   
0.0674147177707 3.65027363582e-05 1067.13528595 -0.260932393333 182.001046762   
0.0794628395895 0.0831351352618 0.369982854149 -0.34197738 182.001046762   
0.0674147177707 3.32795192341e-05 1067.13528595 -0.09673144 56.3982486413   
0.0794628395895 0.0868896311537 0.369982854149 -0.334113653333 56.3982486413   
0.0674147177707 3.32798978351e-05 1067.13528595 -0.0333981133333 18.4825578173   
0.0794628395895 0.0551612635278 0.369982854149 -0.234891553333 18.4825578173   
CALCULATING MATRIX.........n23


finished process
##############################


MATRIX PERMUTATION.....n2

 
MATRIX PERMUTATION.....n3

 
finished process
##############################


MODES.....n2

 
MODES.....n3

 
finished process
##############################


MODES.....n2

 
MODES.....n3

 
finished process 




