

RMS_L1= 0.000298611061189
RMS_L2= 0.00259624341003

RMS_L1= 0.000182222956008
RMS_L2= 0.00234655822307
0.0298611061189 3.23810478678e-05 1798.71635889 -0.421192033333 417.605702147   
0.0259624341003 0.0334974739362 0.764628917855 -0.644805153333 417.605702147   
0.0298611061189 2.50719720034e-05 1798.71635889 -0.563488693333 335.724999866   
0.0259624341003 0.0385776294311 0.764628917855 -0.237745586667 335.724999866   
0.0298611061189 1.2702406343e-05 1798.71635889 -0.448169066667 188.866355219   
0.0259624341003 0.0286603951563 0.764628917855 0.17078372 188.866355219   
0.0298611061189 6.42868976477e-06 1798.71635889 -0.509966593333 159.596460924   
0.0259624341003 0.0225786375992 0.764628917855 0.422117286667 159.596460924   
0.0298611061189 3.05184048445e-06 1798.71635889 -0.196966526667 47.294582842   
0.0259624341003 0.0218750501823 0.764628917855 0.458628766667 47.294582842   
0.0298611061189 0.0 1798.71635889 -0.0692333333333 14.4531154525   
0.0259624341003 0.015116043588 0.764628917855 0.284108486667 14.4531154525   
0.0298611061189 1.38202749609e-05 1798.71635889 -0.023903 4.81569944861   
0.0259624341003 0.00960861879031 0.764628917855 0.156697986667 4.81569944861   
0.0182222956008 0.000102299669584 210.848414634 -0.287630906667 417.605702147   
0.0234655822307 0.220121634241 0.0969923366846 0.20084375794 417.605702147   
0.0182222956008 8.98541777608e-05 210.848414634 -0.5082966 335.724999866   
0.0234655822307 0.184235958489 0.0969923366846 0.441867081244 335.724999866   
0.0182222956008 7.36581818218e-05 210.848414634 -0.472626166667 188.866355219   
0.0234655822307 0.234763106069 0.0969923366846 0.223168298228 188.866355219   
0.0182222956008 7.03522792e-05 210.848414634 -0.60250318 159.596460924   
0.0234655822307 0.156551621538 0.0969923366846 -0.416737412237 159.596460924   
0.0182222956008 4.51835644333e-05 210.848414634 -0.251473546667 47.294582842   
0.0234655822307 0.176568929971 0.0969923366846 -0.399610404547 47.294582842   
0.0182222956008 2.58830866753e-05 210.848414634 -0.0911096066667 14.4531154525   
0.0234655822307 0.104503182825 0.0969923366846 -0.306063523905 14.4531154525   
0.0182222956008 2.63257465877e-05 210.848414634 -0.03124622 4.81569944861   
0.0234655822307 0.107580166808 0.0969923366846 -0.26812038783 4.81569944861   
CALCULATING MATRIX.........n23


finished process
##############################


MATRIX PERMUTATION.....n2

 
MATRIX PERMUTATION.....n3

 
finished process
##############################


MODES.....n2

 
MODES.....n3

 
finished process
##############################


MODES.....n2

 
MODES.....n3

 
finished process 




