

RMS_L1= 0.00127950328721
RMS_L2= 0.00910289824993

RMS_L1= 0.000803582994726
RMS_L2= 0.00817241124119
0.127950328721 3.21521831429e-05 4674.44897144 -0.397312293333 772.65710615   
0.0910289824993 0.0551585700583 1.27213258426 -0.420953636939 772.65710615   
0.127950328721 3.29512807768e-05 4674.44897144 -0.538521426667 643.991467875   
0.0910289824993 0.0482912793003 1.27213258426 -0.420528362638 643.991467875   
0.127950328721 2.77815916151e-05 4674.44897144 -0.44482174 379.84047095   
0.0910289824993 0.0420987522598 1.27213258426 -0.284277607906 379.84047095   
0.127950328721 3.02057858247e-05 4674.44897144 -0.54061596 344.161669175   
0.0910289824993 2.37441599071e-09 1.27213258426 -0.0314333333333 344.161669175   
0.127950328721 2.26958208019e-05 4674.44897144 -0.230157746667 112.76908335   
0.0910289824993 6.58544507983e-10 1.27213258426 -0.0609 112.76908335   
0.127950328721 1.41661944613e-05 4674.44897144 -0.08910316 37.7581765   
0.0910289824993 9.00395565558e-08 1.27213258426 0.0271 37.7581765   
0.127950328721 3.24174877291e-05 4674.44897144 -0.0331410933333 13.2920841694   
0.0910289824993 5.59092132384e-06 1.27213258426 -0.0481666665178 13.2920841694   
0.0803582994726 0.000107897491332 832.249811343 -0.272884226667 772.65710615   
0.0817241124119 0.127891322412 0.217414861999 0.450302915986 772.65710615   
0.0803582994726 9.97996920655e-05 832.249811343 -0.477099853333 643.991467875   
0.0817241124119 0.110307645855 0.217414861999 0.312901830175 643.991467875   
0.0803582994726 8.18725181874e-05 832.249811343 -0.457850473333 379.84047095   
0.0817241124119 0.0848477639402 0.217414861999 0.215477198551 379.84047095   
0.0803582994726 7.74338852192e-05 832.249811343 -0.62405362 344.161669175   
0.0817241124119 0.102354987237 0.217414861999 0.280931352081 344.161669175   
0.0803582994726 5.42090502058e-05 832.249811343 -0.288867633333 112.76908335   
0.0817241124119 0.129581391131 0.217414861999 0.106394174514 112.76908335   
0.0803582994726 3.1347114728e-05 832.249811343 -0.11616172 37.7581765   
0.0817241124119 0.149603507974 0.217414861999 0.103384149346 37.7581765   
0.0803582994726 3.0396853633e-05 832.249811343 -0.04361368 13.2920841694   
0.0817241124119 0.101989826789 0.217414861999 -0.0278055965218 13.2920841694   
CALCULATING MATRIX.........n23


finished process
##############################


MATRIX PERMUTATION.....n2

 
MATRIX PERMUTATION.....n3

 
finished process
##############################


MODES.....n2

 
MODES.....n3

 
finished process
##############################


MODES.....n2

 
MODES.....n3

 
finished process 




