

RMS_L1= 0.000258301595423
RMS_L2= 0.00183396718066

RMS_L1= 0.000171343932042
RMS_L2= 0.000791178966336
0.0258301595423 4.69133118477e-05 596.433699727 -0.40046684 170.593836934   
0.0183396718066 0.0149058659821 0.415876413881 -0.379753300216 170.593836934   
0.0258301595423 4.46098335135e-05 596.433699727 -0.541890873333 143.60597422   
0.0183396718066 0.0273400738163 0.415876413881 -0.262282277876 143.60597422   
0.0258301595423 3.96466707867e-05 596.433699727 -0.44488048 85.2580451662   
0.0183396718066 0.0212176575459 0.415876413881 -0.165520568779 85.2580451662   
0.0258301595423 3.95670895425e-05 596.433699727 -0.5364567 77.2442114552   
0.0183396718066 0.0 0.415876413881 0.0 77.2442114552   
0.0258301595423 3.21398159123e-05 596.433699727 -0.226609233333 25.0920368421   
0.0183396718066 0.0 0.415876413881 0.0 25.0920368421   
0.0258301595423 1.12802186618e-05 596.433699727 -0.0874980333333 8.31361691762   
0.0183396718066 0.0 0.415876413881 0.0 8.31361691762   
0.0258301595423 2.42596684084e-05 596.433699727 -0.0356438066667 3.18111403202   
0.0183396718066 0.0 0.415876413881 0.0 3.18111403202   
0.0171343932042 0.000324289415175 59.761612202 -0.276326806667 170.593836934   
0.00791178966336 0.239725477622 0.0290342209822 -0.209538279639 170.593836934   
0.0171343932042 0.000289907265074 59.761612202 -0.481477333333 143.60597422   
0.00791178966336 0.218118211319 0.0290342209822 -0.555727504729 143.60597422   
0.0171343932042 0.000235821283524 59.761612202 -0.45985962 85.2580451662   
0.00791178966336 0.201396892059 0.0290342209822 -0.246499884663 85.2580451662   
0.0171343932042 0.000220023400635 59.761612202 -0.620545926667 77.2442114552   
0.00791178966336 0.226269965279 0.0290342209822 0.00335303730994 77.2442114552   
0.0171343932042 0.00014552275354 59.761612202 -0.283739146667 25.0920368421   
0.00791178966336 0.153104078752 0.0290342209822 -0.0573743399884 25.0920368421   
0.0171343932042 8.09144840274e-05 59.761612202 -0.112613806667 8.31361691762   
0.00791178966336 0.115033588047 0.0290342209822 -0.00455161687465 8.31361691762   
0.0171343932042 5.18631892617e-05 59.761612202 -0.04566436 3.18111403202   
0.00791178966336 0.228639610754 0.0290342209822 -0.0174056590914 3.18111403202   
CALCULATING MATRIX.........n23


finished process
##############################


MATRIX PERMUTATION.....n2

 
MATRIX PERMUTATION.....n3

 
finished process
##############################


MODES.....n2

 
MODES.....n3

 
finished process
##############################


MODES.....n2

 
MODES.....n3

 
finished process 




