

RMS_L1= 0.000824305748738
RMS_L2= 0.00537602281524

RMS_L1= 0.000511937867821
RMS_L2= 0.00610691859836
0.0824305748738 3.28971457841e-05 2882.21670356 -0.39835834 499.2550963   
0.0537602281524 0.058904057281 0.820505377057 -0.328087637793 499.2550963   
0.0824305748738 3.40737582541e-05 2882.21670356 -0.539791366667 417.388760425   
0.0537602281524 0.0565947577097 0.820505377057 -0.208366084432 417.388760425   
0.0824305748738 2.63052041251e-05 2882.21670356 -0.444899306667 246.654821325   
0.0537602281524 0.0462234464049 0.820505377057 -0.178083729885 246.654821325   
0.0824305748738 3.27267208575e-05 2882.21670356 -0.539209193333 223.428865075   
0.0537602281524 0.0201567366236 0.820505377057 0.263374591774 223.428865075   
0.0824305748738 2.56346847073e-05 2882.21670356 -0.228821306667 72.992804775   
0.0537602281524 0.022439296543 0.820505377057 0.369777623544 72.992804775   
0.0824305748738 0.0 2882.21670356 -0.0884333333333 24.34955535   
0.0537602281524 0.024656174568 0.820505377057 0.276193200561 24.34955535   
0.0824305748738 0.0 2882.21670356 -0.0328333333333 8.5563685185   
0.0537602281524 0.0183055997674 0.820505377057 0.221016190206 8.5563685185   
0.0511937867821 0.000141706194267 403.431183007 -0.273816173333 499.2550963   
0.0610691859836 0.106407887582 0.254711198185 -0.135017360145 499.2550963   
0.0511937867821 0.000129298736109 403.431183007 -0.478959513333 417.388760425   
0.0610691859836 0.0708882526547 0.254711198185 -0.118081588475 417.388760425   
0.0511937867821 0.00010665883227 403.431183007 -0.458879346667 246.654821325   
0.0610691859836 0.080701500959 0.254711198185 -0.139166909881 246.654821325   
0.0511937867821 0.000100830859567 403.431183007 -0.62250732 223.428865075   
0.0610691859836 0.080834994969 0.254711198185 -0.12015517109 223.428865075   
0.0511937867821 6.75339056281e-05 403.431183007 -0.287171793333 72.992804775   
0.0610691859836 0.0753093465961 0.254711198185 -0.11279391639 72.992804775   
0.0511937867821 3.97080406538e-05 403.431183007 -0.11499598 24.34955535   
0.0610691859836 0.055475407485 0.254711198185 -0.110865902253 24.34955535   
0.0511937867821 2.57819058039e-05 403.431183007 -0.0429552666667 8.5563685185   
0.0610691859836 0.052326697236 0.254711198185 -0.0454394244143 8.5563685185   
CALCULATING MATRIX.........n23


finished process
##############################


MATRIX PERMUTATION.....n2

 
MATRIX PERMUTATION.....n3

 
finished process
##############################


MODES.....n2

 
MODES.....n3

 
finished process
##############################


MODES.....n2

 
MODES.....n3

 
finished process 




