

RMS_L1= 0.000483268343487
RMS_L2= 0.0033870595075

RMS_L1= 0.000305308570601
RMS_L2= 0.00229879218324
0.0483268343487 3.77638504133e-05 1460.75309775 -0.39937946 304.331264729   
0.033870595075 0.0483603739155 0.580600756288 -0.356496417216 304.331264729   
0.0483268343487 3.69059243586e-05 1460.75309775 -0.540860293333 255.307944483   
0.033870595075 0.0446083338452 0.580600756288 -0.255739342821 255.307944483   
0.0483268343487 3.44277519494e-05 1460.75309775 -0.44499088 151.232085651   
0.033870595075 0.0391626507009 0.580600756288 -0.131992657742 151.232085651   
0.0483268343487 3.46411978618e-05 1460.75309775 -0.53786436 137.009292163   
0.033870595075 0.011029072824 0.580600756288 0.237106967472 137.009292163   
0.0483268343487 1.51291313298e-05 1460.75309775 -0.227696873333 44.6427748575   
0.033870595075 0.00808962719823 0.580600756288 0.313683983554 44.6427748575   
0.0483268343487 0.0 1460.75309775 -0.0878333333333 14.8346478418   
0.033870595075 0.0166277007749 0.580600756288 0.27492419508 14.8346478418   
0.0483268343487 1.77727631833e-05 1460.75309775 -0.0330384666667 5.2668640463   
0.033870595075 0.0143809196818 0.580600756288 0.200589549609 5.2668640463   
0.0305308570601 0.000201167633265 170.30585809 -0.274730833333 304.331264729   
0.0229879218324 0.130068070178 0.0835012283106 0.410801701604 304.331264729   
0.0305308570601 0.000183200405541 170.30585809 -0.480329893333 255.307944483   
0.0229879218324 0.11910410044 0.0835012283106 0.365729009009 255.307944483   
0.0305308570601 0.000150368435962 170.30585809 -0.459208326667 151.232085651   
0.0229879218324 0.123633142502 0.0835012283106 0.311848070246 151.232085651   
0.0305308570601 0.000139432315966 170.30585809 -0.621790226667 137.009292163   
0.0229879218324 0.139880384241 0.0835012283106 0.303210379022 137.009292163   
0.0305308570601 9.33591570874e-05 170.30585809 -0.28547812 44.6427748575   
0.0229879218324 0.107576364356 0.0835012283106 0.471287507902 44.6427748575   
0.0305308570601 5.35480676928e-05 170.30585809 -0.1139004 14.8346478418   
0.0229879218324 0.117671398002 0.0835012283106 0.222616088877 14.8346478418   
0.0305308570601 3.27046962288e-05 170.30585809 -0.0428899466667 5.2668640463   
0.0229879218324 0.0694104955089 0.0835012283106 0.114667145879 5.2668640463   
CALCULATING MATRIX.........n23


finished process
##############################


MATRIX PERMUTATION.....n2

 
MATRIX PERMUTATION.....n3

 
finished process
##############################


MODES.....n2

 
MODES.....n3

 
finished process
##############################


MODES.....n2

 
MODES.....n3

 
finished process 




