

RMS_L1= 0.00217612650026
RMS_L2= 0.0206487387443

RMS_L1= 0.00174544413148
RMS_L2= 0.014065154692
0.217612650026 6.13729487166e-05 3817.24449092 -0.393694833333 1695.79920893   
0.206487387443 0.0771678110163 2.21021505512 -0.443642939174 1695.79920893   
0.217612650026 5.65274842834e-05 3817.24449092 -0.534161273333 1408.26941284   
0.206487387443 0.0729853921901 2.21021505512 -0.292969643399 1408.26941284   
0.217612650026 4.99915667154e-05 3817.24449092 -0.44437784 830.428090268   
0.206487387443 0.0580160766832 2.21021505512 -0.124639228168 830.428090268   
0.217612650026 4.98170439786e-05 3817.24449092 -0.545243533333 756.655818217   
0.206487387443 0.0328159623433 2.21021505512 0.322435917422 756.655818217   
0.217612650026 3.26707451567e-05 3817.24449092 -0.235026653333 251.038995086   
0.206487387443 0.0338704928419 2.21021505512 0.220561868431 251.038995086   
0.217612650026 3.07527480431e-05 3817.24449092 -0.0920538066667 85.1054687564   
0.206487387443 0.0325179233104 2.21021505512 0.191394098849 85.1054687564   
0.217612650026 2.61111606607e-05 3817.24449092 -0.0346873866667 30.2051024649   
0.206487387443 0.0221664906154 2.21021505512 0.158140775227 30.2051024649   
0.174544413148 9.46290544479e-05 2042.96266932 -0.27226676 1695.79920893   
0.14065154692 0.243104878522 0.237670151273 0.205036425115 1695.79920893   
0.174544413148 8.7609613419e-05 2042.96266932 -0.470693 1408.26941284   
0.14065154692 0.219497006433 0.237670151273 0.152033424669 1408.26941284   
0.174544413148 7.33410144818e-05 2042.96266932 -0.454767713333 830.428090268   
0.14065154692 0.139505112344 0.237670151273 -0.0511971177053 830.428090268   
0.174544413148 6.94039127039e-05 2042.96266932 -0.62747306 756.655818217   
0.14065154692 0.144063672415 0.237670151273 -0.163396838433 756.655818217   
0.174544413148 4.84083445207e-05 2042.96266932 -0.295193766667 251.038995086   
0.14065154692 0.121979208184 0.237670151273 -0.189771439618 251.038995086   
0.174544413148 3.15074023112e-05 2042.96266932 -0.120585726667 85.1054687564   
0.14065154692 0.142190750589 0.237670151273 -0.221177366378 85.1054687564   
0.174544413148 2.36336144676e-05 2042.96266932 -0.04584316 30.2051024649   
0.14065154692 0.104205423252 0.237670151273 -0.192545393438 30.2051024649   
CALCULATING MATRIX.........n23


finished process
##############################


MATRIX PERMUTATION.....n2

 
MATRIX PERMUTATION.....n3

 
finished process
##############################


MODES.....n2

 
MODES.....n3

 
finished process
##############################


MODES.....n2

 
MODES.....n3

 
finished process 




