

RMS_L1= 0.00179156598147
RMS_L2= 0.012904434609

RMS_L1= 0.00120443359224
RMS_L2= 0.0110237050441
0.179156598147 3.51809828225e-05 5917.6648653 -0.395907693333 1154.3318205   
0.12904434609 0.0496129421694 1.86896257774 0.412692858353 1154.3318205   
0.179156598147 3.33571771057e-05 5917.6648653 -0.536707786667 959.733506325   
0.12904434609 0.0472790863739 1.86896257774 0.375177665367 959.733506325   
0.179156598147 3.29720370459e-05 5917.6648653 -0.444656646667 565.44515925   
0.12904434609 0.0385084963961 1.86896257774 0.236129135459 565.44515925   
0.179156598147 3.39277606568e-05 5917.6648653 -0.542602313333 512.971132275   
0.12904434609 0.00766388253217 1.86896257774 -0.30643480908 512.971132275   
0.179156598147 8.91011644085e-06 5917.6648653 -0.231967073333 168.753263175   
0.12904434609 0.00551344616612 1.86896257774 -0.301858661498 168.753263175   
0.179156598147 3.12350207942e-06 5917.6648653 -0.09016652 56.75559715   
0.12904434609 0.0109988473923 1.86896257774 -0.237874250599 56.75559715   
0.179156598147 0.0 5917.6648653 -0.0335666666667 20.0412164041   
0.12904434609 0.0124123915142 1.86896257774 -0.168975378876 20.0412164041   
0.120443359224 8.96206126374e-05 1516.18544355 -0.272674393333 1154.3318205   
0.110237050441 0.0703267046329 0.182532755875 -0.385807454183 1154.3318205   
0.120443359224 8.22394517606e-05 1516.18544355 -0.47467582 959.733506325   
0.110237050441 0.092236219822 0.182532755875 -0.176804375213 959.733506325   
0.120443359224 6.86185978377e-05 1516.18544355 -0.45668294 565.44515925   
0.110237050441 0.074341372984 0.182532755875 0.0385708337338 565.44515925   
0.120443359224 6.49768059919e-05 1516.18544355 -0.625332846667 512.971132275   
0.110237050441 0.0761945095503 0.182532755875 0.107731177698 512.971132275   
0.120443359224 4.60989294374e-05 1516.18544355 -0.29133924 168.753263175   
0.110237050441 0.0629741215349 0.182532755875 0.0326323849421 168.753263175   
0.120443359224 3.30098867514e-05 1516.18544355 -0.117805973333 56.75559715   
0.110237050441 0.0450862580131 0.182532755875 -0.00315730761374 56.75559715   
0.120443359224 6.50184247759e-06 1516.18544355 -0.0444327066667 20.0412164041   
0.110237050441 0.0322888335789 0.182532755875 0.0377461720999 20.0412164041   
CALCULATING MATRIX.........n23


finished process
##############################


MATRIX PERMUTATION.....n2

 
MATRIX PERMUTATION.....n3

 
finished process
##############################


MODES.....n2

 
MODES.....n3

 
finished process
##############################


MODES.....n2

 
MODES.....n3

 
finished process 




