

RMS_L1= 0.0021646618244
RMS_L2= 0.0201458325284

RMS_L1= 0.00184727332058
RMS_L2= 0.0243033742352
0.21646618244 9.63516334869e-05 2362.46827943 -0.39186246 1866.90955366   
0.201458325284 0.0463417280233 2.10803611076 -0.422078150184 1866.90955366   
0.21646618244 8.90687581203e-05 2362.46827943 -0.532723306667 1550.49736666   
0.201458325284 0.0453481564503 2.10803611076 -0.331875044689 1550.49736666   
0.21646618244 7.60394929383e-05 2362.46827943 -0.4441538 915.026480248   
0.201458325284 0.0290568938074 2.10803611076 -0.151052824723 915.026480248   
0.21646618244 7.43499429416e-05 2362.46827943 -0.546899706667 835.420828633   
0.201458325284 0.000526800747511 2.10803611076 0.135037481524 835.420828633   
0.21646618244 4.81415672714e-05 2362.46827943 -0.237146386667 278.115323782   
0.201458325284 0.00693280225382 2.10803611076 0.195059846684 278.115323782   
0.21646618244 3.35928458294e-05 2362.46827943 -0.0936673066667 94.5711071607   
0.201458325284 0.00975529333883 2.10803611076 0.196027516543 94.5711071607   
0.21646618244 2.32083117268e-05 2362.46827943 -0.0355760733333 33.6289617712   
0.201458325284 0.0178705266213 2.10803611076 0.108520995809 33.6289617712   
0.184727332058 0.000104152190952 1975.3553073 -0.271612233333 1866.90955366   
0.243033742352 0.0498198920656 0.602565168023 0.714200193949 1866.90955366   
0.184727332058 9.78341812222e-05 1975.3553073 -0.469287473333 1550.49736666   
0.243033742352 0.0473813541656 0.602565168023 0.756469071806 1550.49736666   
0.184727332058 7.9575361105e-05 1975.3553073 -0.45396586 915.026480248   
0.243033742352 0.0343717904842 0.602565168023 0.642013519689 915.026480248   
0.184727332058 7.51758354252e-05 1975.3553073 -0.628368206667 835.420828633   
0.243033742352 0.0337836866466 0.602565168023 0.633254523232 835.420828633   
0.184727332058 5.2615419909e-05 1975.3553073 -0.296769426667 278.115323782   
0.243033742352 0.0397111034278 0.602565168023 0.648397446762 278.115323782   
0.184727332058 3.41393686886e-05 1975.3553073 -0.121790486667 94.5711071607   
0.243033742352 0.0370841340855 0.602565168023 0.671016277347 94.5711071607   
0.184727332058 3.33156159509e-05 1975.3553073 -0.04646558 33.6289617712   
0.243033742352 0.0251609611024 0.602565168023 0.523512914225 33.6289617712   
CALCULATING MATRIX.........n23


finished process
##############################


MATRIX PERMUTATION.....n2

 
MATRIX PERMUTATION.....n3

 
finished process
##############################


MODES.....n2

 
MODES.....n3

 
finished process
##############################


MODES.....n2

 
MODES.....n3

 
finished process 




