

RMS_L1= 0.000821613998734
RMS_L2= 0.0068629520112

RMS_L1= 0.000679221381329
RMS_L2= 0.00787764202039
0.0821613998734 6.00738805023e-05 1517.05881487 -0.414334673333 1574.01941568   
0.068629520112 0.0560044289531 1.38503109984 -0.615380866667 1574.01941568   
0.0821613998734 5.40785861568e-05 1517.05881487 -0.556738906667 1260.38327537   
0.068629520112 0.0702586373615 1.38503109984 -0.128125466667 1260.38327537   
0.0821613998734 4.65312660367e-05 1517.05881487 -0.448486153333 709.003789051   
0.068629520112 0.0487839578625 1.38503109984 -0.00130444 709.003789051   
0.0821613998734 4.54351671025e-05 1517.05881487 -0.5188347 603.878755151   
0.068629520112 0.0264479030138 1.38503109984 0.380045386667 603.878755151   
0.0821613998734 3.36168607171e-05 1517.05881487 -0.204861533333 182.001046762   
0.068629520112 0.0314265009601 1.38503109984 0.448237713333 182.001046762   
0.0821613998734 2.57119738465e-05 1517.05881487 -0.0735787866667 56.3982486413   
0.068629520112 0.0266783687666 1.38503109984 0.42627774 56.3982486413   
0.0821613998734 9.28749696703e-06 1517.05881487 -0.0256320133333 18.4825578173   
0.068629520112 0.0167074804595 1.38503109984 0.254350166667 18.4825578173   
0.0679221381329 7.54026870415e-05 1067.13437985 -0.284223146667 1574.01941568   
0.0787764202039 0.157784746764 0.368545943404 0.0834929392939 1574.01941568   
0.0679221381329 6.619605578e-05 1067.13437985 -0.499216953333 1260.38327537   
0.0787764202039 0.136785324448 0.368545943404 0.707903940394 1260.38327537   
0.0679221381329 5.57716474028e-05 1067.13437985 -0.468995506667 709.003789051   
0.0787764202039 0.128171395198 0.368545943404 -0.0996818381838 709.003789051   
0.0679221381329 5.12503912384e-05 1067.13437985 -0.60949514 603.878755151   
0.0787764202039 0.108341985638 0.368545943404 -0.329864576458 603.878755151   
0.0679221381329 3.71295365198e-05 1067.13437985 -0.26093308 182.001046762   
0.0787764202039 0.0861855946021 0.368545943404 -0.341608510851 182.001046762   
0.0679221381329 3.32862327322e-05 1067.13437985 -0.0967313266667 56.3982486413   
0.0787764202039 0.0849386991205 0.368545943404 -0.334313848051 56.3982486413   
0.0679221381329 3.32889277584e-05 1067.13437985 -0.03339828 18.4825578173   
0.0787764202039 0.0549176206661 0.368545943404 -0.235077064373 18.4825578173   
CALCULATING MATRIX.........n23


finished process
##############################


MATRIX PERMUTATION.....n2

 
MATRIX PERMUTATION.....n3

 
finished process
##############################


MODES.....n2

 
MODES.....n3

 
finished process
##############################


MODES.....n2

 
MODES.....n3

 
finished process 




