

RMS_L1= 0.000176888470416
RMS_L2= 0.00137872770478

RMS_L1= 0.000112596341123
RMS_L2= 0.000357591478939
0.0176888470416 2.15774763407e-05 901.31722161 -0.42222894 253.622721594   
0.0137872770478 0.0290647169136 0.508912512014 0.584823486667 253.622721594   
0.0176888470416 1.61283095236e-05 901.31722161 -0.564432046667 204.466459545   
0.0137872770478 0.0286474693871 0.508912512014 0.22685592 204.466459545   
0.0176888470416 1.43322090068e-05 901.31722161 -0.4480359 115.246074499   
0.0137872770478 0.0211601280564 0.508912512014 -0.0231934533333 115.246074499   
0.0176888470416 1.467659801e-05 901.31722161 -0.508563586667 97.4018161349   
0.0137872770478 0.0169855366106 0.508912512014 -0.482699153333 97.4018161349   
0.0176888470416 6.66629223168e-07 901.31722161 -0.195900006667 28.7983291229   
0.0137872770478 0.0190839549002 0.508912512014 -0.469001773333 28.7983291229   
0.0176888470416 0.0 901.31722161 -0.0688333333333 8.78576808461   
0.0137872770478 0.0135103265025 0.508912512014 -0.308559673333 8.78576808461   
0.0176888470416 0.0 901.31722161 -0.0255666666667 3.14340054805   
0.0137872770478 0.0114563768581 0.508912512014 -0.233944446667 3.14340054805   
0.0112596341123 0.000148610285119 87.8661369894 -0.28843174 253.622721594   
0.00357591478939 0.228856789922 0.0270184863124 0.466012393745 253.622721594   
0.0112596341123 0.000128844530259 87.8661369894 -0.509270773333 204.466459545   
0.00357591478939 0.146911582083 0.0270184863124 -0.663924374716 204.466459545   
0.0112596341123 0.000105437602007 87.8661369894 -0.473253593333 115.246074499   
0.00357591478939 0.0926459027764 0.0270184863124 0.428335113863 115.246074499   
0.0112596341123 9.91358780125e-05 87.8661369894 -0.601639413333 97.4018161349   
0.00357591478939 0.138495182902 0.0270184863124 -0.054950372547 97.4018161349   
0.0112596341123 6.2027377351e-05 87.8661369894 -0.249622933333 28.7983291229   
0.00357591478939 0.0879349555097 0.0270184863124 0.0784519291986 28.7983291229   
0.0112596341123 3.69487278725e-05 87.8661369894 -0.0900663133333 8.78576808461   
0.00357591478939 0.104314749526 0.0270184863124 0.143816108721 8.78576808461   
0.0112596341123 2.30044440183e-05 87.8661369894 -0.0329748666667 3.14340054805   
0.00357591478939 0.079084348036 0.0270184863124 0.0460144926015 3.14340054805   
CALCULATING MATRIX.........n23


finished process
##############################


MATRIX PERMUTATION.....n2

 
MATRIX PERMUTATION.....n3

 
finished process
##############################


MODES.....n2

 
MODES.....n3

 
finished process
##############################


MODES.....n2

 
MODES.....n3

 
finished process 




