

RMS_L1= 0.000461547703749
RMS_L2= 0.00336672887176

RMS_L1= 0.000291721012679
RMS_L2= 0.00261886225607
0.0461547703749 3.05737645522e-05 2942.0503419 -0.42007998 647.962448012   
0.0336672887176 0.0448586134908 0.927798318326 -0.457609713333 647.962448012   
0.0461547703749 9.51046111477e-06 2942.0503419 -0.5623662 519.701136333   
0.0336672887176 0.0411033672999 0.927798318326 -0.396817693333 519.701136333   
0.0461547703749 3.332153831e-05 2942.0503419 -0.448200886667 291.897122907   
0.0336672887176 0.033667732941 0.927798318326 0.0941186533333 291.897122907   
0.0461547703749 2.81236502364e-05 2942.0503419 -0.511582106667 246.743734288   
0.0336672887176 0.0256201452164 0.927798318326 0.49245878 246.743734288   
0.0461547703749 1.33306586731e-06 2942.0503419 -0.198099973333 73.2922651945   
0.0336672887176 0.0229014480027 0.927798318326 0.470466146667 73.2922651945   
0.0461547703749 1.59553543374e-05 2942.0503419 -0.0697707333333 22.4503665989   
0.0336672887176 0.0168619882007 0.927798318326 0.3299109 22.4503665989   
0.0461547703749 0.0 2942.0503419 -0.0237666666667 7.35775973812   
0.0336672887176 0.0105936258033 0.927798318326 0.212514693333 7.35775973812   
0.0291721012679 7.81224098413e-05 439.630924056 -0.28631668 647.962448012   
0.0261886225607 0.0262626739244 0.148735902823 0.88418086 647.962448012   
0.0291721012679 6.86948654302e-05 439.630924056 -0.50659862 519.701136333   
0.0261886225607 0.066422573894 0.148735902823 -0.00220312 519.701136333   
0.0291721012679 5.74445091018e-05 439.630924056 -0.47201778 291.897122907   
0.0261886225607 0.0461252783767 0.148735902823 0.0542249533333 291.897122907   
0.0291721012679 5.40185061723e-05 439.630924056 -0.603976633333 246.743734288   
0.0261886225607 0.031835746329 0.148735902823 -0.357676493333 246.743734288   
0.0291721012679 3.5823544991e-05 439.630924056 -0.253579773333 73.2922651945   
0.0261886225607 0.0473158633559 0.148735902823 -0.163435593333 73.2922651945   
0.0291721012679 1.76403124879e-05 439.630924056 -0.09223804 22.4503665989   
0.0261886225607 0.0293779397485 0.148735902823 -0.171118126667 22.4503665989   
0.0291721012679 6.66633289142e-07 439.630924056 -0.0313000066667 7.35775973812   
0.0261886225607 0.0211935386222 0.148735902823 -0.13985908 7.35775973812   
CALCULATING MATRIX.........n23


finished process
##############################


MATRIX PERMUTATION.....n2

 
MATRIX PERMUTATION.....n3

 
finished process
##############################


MODES.....n2

 
MODES.....n3

 
finished process
##############################


MODES.....n2

 
MODES.....n3

 
finished process 




