

RMS_L1= 0.000644824604693
RMS_L2= 0.00795097232066

RMS_L1= 0.000551719437116
RMS_L2= 0.00637940261495
0.0644824604693 0.00409948801294 16.9336297473 -0.418372306667 1237.15250832   
0.0795097232066 0.161749576524 0.428060236055 -0.713154234234 1237.15250832   
0.0644824604693 0.00340065495783 16.9336297473 -0.56596476 1037.054025   
0.0795097232066 0.196263107896 0.428060236055 -0.0857782248916 1037.054025   
0.0644824604693 0.00295449660763 16.9336297473 -0.4368232 606.443480988   
0.0795097232066 0.131610888178 0.428060236055 0.0402101167835 606.443480988   
0.0644824604693 0.00287612609456 16.9336297473 -0.518002113333 526.418639434   
0.0795097232066 0.170501803121 0.428060236055 0.547063723724 526.418639434   
0.0644824604693 0.00161621722026 16.9336297473 -0.20033806 155.603562721   
0.0795097232066 0.119577158578 0.428060236055 0.186106946947 155.603562721   
0.0644824604693 0.000810231938231 16.9336297473 -0.06846586 45.0002061377   
0.0795097232066 0.0589312303602 0.428060236055 0.136088508509 45.0002061377   
0.0644824604693 0.000418500896056 16.9336297473 -0.0252176666667 12.9451621768   
0.0795097232066 0.0279382121452 0.428060236055 -0.019354347681 12.9451621768   
0.0551719437116 0.000222055538162 284.832273167 -0.28008768 1237.15250832   
0.0637940261495 0.0863176590347 0.300001292442 -0.792910921092 1237.15250832   
0.0551719437116 0.00019679182911 284.832273167 -0.492745773333 1037.054025   
0.0637940261495 0.122064386255 0.300001292442 0.11277303397 1037.054025   
0.0551719437116 0.000160228031125 284.832273167 -0.466161646667 606.443480988   
0.0637940261495 0.121197264432 0.300001292442 -0.275654922159 606.443480988   
0.0551719437116 0.000149174067298 284.832273167 -0.614231573333 526.418639434   
0.0637940261495 0.126606650884 0.300001292442 0.398671157116 526.418639434   
0.0551719437116 9.46790451884e-05 284.832273167 -0.269138613333 155.603562721   
0.0637940261495 0.0770509291595 0.300001292442 0.22403176651 155.603562721   
0.0551719437116 5.06409228955e-05 284.832273167 -0.102109726667 45.0002061377   
0.0637940261495 0.0676979186509 0.300001292442 -0.0972109110911 45.0002061377   
0.0551719437116 2.6944511703e-05 284.832273167 -0.03610362 12.9451621768   
0.0637940261495 0.0195287413259 0.300001292442 -0.00634323098977 12.9451621768   
CALCULATING MATRIX.........n23


finished process
##############################


MATRIX PERMUTATION.....n2

 
MATRIX PERMUTATION.....n3

 
finished process
##############################


MODES.....n2

 
MODES.....n3

 
finished process
##############################


MODES.....n2

 
MODES.....n3

 
finished process 




