

RMS_L1= 7.4155737599e-08
RMS_L2= 3.35114399909e-08

RMS_L1= 1.46608041242e-06
RMS_L2= 1.65980653098e-08
7.4155737599e-06 5.26835606386e-09 16.9338864834 -0.418366666667 1237.15250832   
3.35114399909e-07 0.0 0.425979680979 -0.758833333333 1237.15250832   
7.4155737599e-06 0.0 16.9338864834 -0.565966666667 1037.054025   
3.35114399909e-07 0.0 0.425979680979 -0.1021 1037.054025   
7.4155737599e-06 0.0 16.9338864834 -0.436833333333 606.443480988   
3.35114399909e-07 0.0 0.425979680979 0.0440333333333 606.443480988   
7.4155737599e-06 0.0 16.9338864834 -0.517966666667 526.418639434   
3.35114399909e-07 0.0 0.425979680979 0.594433333333 526.418639434   
7.4155737599e-06 2.63417803193e-09 16.9338864834 -0.200366666667 155.603562721   
3.35114399909e-07 0.0 0.425979680979 0.193766666667 155.603562721   
7.4155737599e-06 0.0 16.9338864834 -0.0684333333333 45.0002061377   
3.35114399909e-07 1.86264514923e-09 0.425979680979 0.143433333333 45.0002061377   
7.4155737599e-06 3.29272253991e-10 16.9338864834 -0.0252333333333 12.9451621768   
3.35114399909e-07 2.32830643654e-10 0.425979680979 -0.0203666666667 12.9451621768   
0.000146608041242 0.0 284.83275194 -0.2801 1237.15250832   
1.65980653098e-07 1.05367121277e-08 0.294598764354 -0.814966666667 1237.15250832   
0.000146608041242 5.26835606386e-09 284.83275194 -0.492766666667 1037.054025   
1.65980653098e-07 0.0 0.294598764354 0.104966666667 1037.054025   
0.000146608041242 5.26835606386e-09 284.83275194 -0.466166666667 606.443480988   
1.65980653098e-07 0.0 0.294598764354 -0.288033333333 606.443480988   
0.000146608041242 0.0 284.83275194 -0.614233333333 526.418639434   
1.65980653098e-07 0.0 0.294598764354 0.421033333333 526.418639434   
0.000146608041242 3.72529029846e-09 284.83275194 -0.269166666667 155.603562721   
1.65980653098e-07 0.0 0.294598764354 0.2331 155.603562721   
0.000146608041242 0.0 284.83275194 -0.1021 45.0002061377   
1.65980653098e-07 0.0 0.294598764354 -0.101166666667 45.0002061377   
0.000146608041242 0.0 284.83275194 -0.0361 12.9451621768   
1.65980653098e-07 5.82076609135e-11 0.294598764354 -0.0053 12.9451621768   
CALCULATING MATRIX.........n23


finished process
##############################


MATRIX PERMUTATION.....n2

 
MATRIX PERMUTATION.....n3

 
finished process
##############################


MODES.....n2

 
MODES.....n3

 
finished process
##############################


MODES.....n2

 
MODES.....n3

 
finished process 




