

RMS_L1= 0.000407515591967
RMS_L2= 0.0036662660836

RMS_L1= 0.000251149268615
RMS_L2= 0.00245349414198
0.0407515591967 3.1106120455e-05 2918.87488185 -0.421321353333 511.967811497   
0.036662660836 0.0710927992428 0.528791076221 0.478465086667 511.967811497   
0.0407515591967 3.23524920165e-05 2918.87488185 -0.56354136 421.227069301   
0.036662660836 0.0630735940065 0.528791076221 0.435064906667 421.227069301   
0.0407515591967 4.51587243755e-06 2918.87488185 -0.44836644 240.886674799   
0.036662660836 0.0595545753934 0.528791076221 -0.0959327133333 240.886674799   
0.0407515591967 3.18250989856e-05 2918.87488185 -0.51007658 203.125104011   
0.036662660836 0.0309193844691 0.528791076221 -0.626150226667 203.125104011   
0.0407515591967 0.0 2918.87488185 -0.196233333333 57.7601286096   
0.036662660836 0.0455952513453 0.528791076221 -0.365766966667 57.7601286096   
0.0407515591967 9.31322574615e-10 2918.87488185 -0.0683 16.1363083935   
0.036662660836 0.0216228329952 0.528791076221 -0.164345293333 16.1363083935   
0.0407515591967 6.66633370462e-07 2918.87488185 -0.0231000066667 4.59416712293   
0.036662660836 0.0111247898712 0.528791076221 -0.0593489 4.59416712293   
0.0251149268615 6.57873471709e-05 443.670808579 -0.285561126667 511.967811497   
0.0245349414198 0.109308841113 0.152279325905 0.88259674577 511.967811497   
0.0251149268615 5.9542838104e-05 443.670808579 -0.50642796 421.227069301   
0.0245349414198 0.122478278962 0.152279325905 -0.238875574914 421.227069301   
0.0251149268615 4.96082788996e-05 443.670808579 -0.472074406667 240.886674799   
0.0245349414198 0.140505025554 0.152279325905 0.116187420313 240.886674799   
0.0251149268615 4.73185663963e-05 443.670808579 -0.604034046667 203.125104011   
0.0245349414198 0.106849859681 0.152279325905 -0.28768392577 203.125104011   
0.0251149268615 3.38753475967e-05 443.670808579 -0.254209753333 57.7601286096   
0.0245349414198 0.0762079164498 0.152279325905 -0.041048726678 57.7601286096   
0.0251149268615 6.94982321968e-06 443.670808579 -0.0927662866667 16.1363083935   
0.0245349414198 0.0352026537333 0.152279325905 -0.0108491939521 16.1363083935   
0.0251149268615 0.0 443.670808579 -0.0323666666667 4.59416712293   
0.0245349414198 0.0166329092093 0.152279325905 -0.0215698841828 4.59416712293   
CALCULATING MATRIX.........n23


finished process
##############################


MATRIX PERMUTATION.....n2

 
MATRIX PERMUTATION.....n3

 
finished process
##############################


MODES.....n2

 
MODES.....n3

 
finished process
##############################


MODES.....n2

 
MODES.....n3

 
finished process 




