

RMS_L1= 8.46809693332e-05
RMS_L2= 8.18953329035e-05

RMS_L1= 5.6100532903e-05
RMS_L2= 0.000931903700164
0.00846809693332 2.63148784736e-05 359.47341453 -0.423963206667 123.821276979   
0.000818953329035 0.102364852234 0.259510802896 0.108043373333 123.821276979   
0.00846809693332 2.40802615051e-05 359.47341453 -0.565761753333 101.319474706   
0.000818953329035 0.0935617561308 0.259510802896 0.15076798 101.319474706   
0.00846809693332 3.1489607637e-05 359.47341453 -0.447811013333 57.6188900327   
0.000818953329035 0.0220020583023 0.259510802896 0.0559475466667 57.6188900327   
0.00846809693332 2.3236443813e-05 359.47341453 -0.506041926667 48.3263291678   
0.000818953329035 0.025689911496 0.259510802896 -0.1114738 48.3263291678   
0.00846809693332 3.21250639464e-05 359.47341453 -0.19332444 13.6880139542   
0.000818953329035 0.0308022645614 0.259510802896 -0.199159666667 13.6880139542   
0.00846809693332 0.0 359.47341453 -0.0697666666667 3.9833870986   
0.000818953329035 0.0637972073436 0.259510802896 -0.45437658 3.9833870986   
0.00846809693332 2.94044403249e-05 359.47341453 -0.0362157 1.74808143052   
0.000818953329035 0.113332506564 0.259510802896 -0.81589 1.74808143052   
0.0056100532903 0.000212721267753 31.203016895 0.28761634 123.821276979   
0.00931903700164 0.230171685659 0.0888238683945 0.780539114046 123.821276979   
0.0056100532903 0.000183757900967 31.203016895 0.50853472 101.319474706   
0.00931903700164 0.146993401468 0.0888238683945 0.0691547850162 101.319474706   
0.0056100532903 0.00014755688061 31.203016895 0.472394893333 57.6188900327   
0.00931903700164 0.234581490626 0.0888238683945 0.00437133660229 57.6188900327   
0.0056100532903 0.000137670699469 31.203016895 0.60094164 48.3263291678   
0.00931903700164 0.265566199792 0.0888238683945 -0.322868984956 48.3263291678   
0.0056100532903 8.46383675871e-05 31.203016895 0.25064066 13.6880139542   
0.00931903700164 0.12911611507 0.0888238683945 -0.226587781447 13.6880139542   
0.0056100532903 4.62503160566e-05 31.203016895 0.0948386266667 3.9833870986   
0.00931903700164 0.0442076644775 0.0888238683945 -0.0970705393776 3.9833870986   
0.0056100532903 3.85937496358e-05 31.203016895 0.05066156 1.74808143052   
0.00931903700164 0.0323161480989 0.0888238683945 -0.0337383468428 1.74808143052   
CALCULATING MATRIX.........n23


finished process
##############################


MATRIX PERMUTATION.....n2

 
MATRIX PERMUTATION.....n3

 
finished process
##############################


MODES.....n2

 
MODES.....n3

 
finished process
##############################


MODES.....n2

 
MODES.....n3

 
finished process 




