

RMS_L1= 6.41518785814e-06
RMS_L2= 2.55223170035e-08

RMS_L1= 3.49386951679e-06
RMS_L2= 7.85264277553e-09
0.000641518785814 5.26835606386e-09 2918.87489427 -0.4213 511.967811497   
2.55223170035e-07 5.26835606386e-09 0.52703792076 0.481566666667 511.967811497   
0.000641518785814 7.45058059692e-09 2918.87489427 -0.563566666667 421.227069301   
2.55223170035e-07 5.26835606386e-09 0.52703792076 0.4389 421.227069301   
0.000641518785814 0.0 2918.87489427 -0.448366666667 240.886674799   
2.55223170035e-07 1.31708901597e-09 0.52703792076 -0.0954333333333 240.886674799   
0.000641518785814 7.45058059692e-09 2918.87489427 -0.5101 203.125104011   
2.55223170035e-07 7.45058059692e-09 0.52703792076 -0.6321 203.125104011   
0.000641518785814 0.0 2918.87489427 -0.196233333333 57.7601286096   
2.55223170035e-07 0.0 0.52703792076 -0.368833333333 57.7601286096   
0.000641518785814 9.31322574615e-10 2918.87489427 -0.0683 16.1363083935   
2.55223170035e-07 0.0 0.52703792076 -0.165033333333 16.1363083935   
0.000641518785814 0.0 2918.87489427 -0.0231 4.59416712293   
2.55223170035e-07 6.58544507983e-10 0.52703792076 -0.0593666666667 4.59416712293   
0.000349386951679 0.0 443.670901585 -0.285566666667 511.967811497   
7.85264277553e-08 0.0 0.149847303614 0.9153 511.967811497   
0.000349386951679 0.0 443.670901585 -0.506433333333 421.227069301   
7.85264277553e-08 2.63417803193e-09 0.149847303614 -0.2371 421.227069301   
0.000349386951679 5.26835606386e-09 443.670901585 -0.4721 240.886674799   
7.85264277553e-08 1.31708901597e-09 0.149847303614 0.113833333333 240.886674799   
0.000349386951679 0.0 443.670901585 -0.604033333333 203.125104011   
7.85264277553e-08 0.0 0.149847303614 -0.300366666667 203.125104011   
0.000349386951679 0.0 443.670901585 -0.254233333333 57.7601286096   
7.85264277553e-08 0.0 0.149847303614 -0.0462333333333 57.7601286096   
0.000349386951679 0.0 443.670901585 -0.0927666666667 16.1363083935   
7.85264277553e-08 0.0 0.149847303614 -0.0119 16.1363083935   
0.000349386951679 0.0 443.670901585 -0.0323666666667 4.59416712293   
7.85264277553e-08 0.0 0.149847303614 -0.0223666666667 4.59416712293   
CALCULATING MATRIX.........n23


finished process
##############################


MATRIX PERMUTATION.....n2

 
MATRIX PERMUTATION.....n3

 
finished process
##############################


MODES.....n2

 
MODES.....n3

 
finished process
##############################


MODES.....n2

 
MODES.....n3

 
finished process 




