

RMS_L1= 0.000158871370053
RMS_L2= 0.000768602132918

RMS_L1= 9.86254857455e-05
RMS_L2= 0.000964962993686
0.0158871370053 1.69584789225e-05 893.768275629 -0.423431233333 214.581236417   
0.00768602132918 0.33792392016 0.271528611396 -0.243855833333 214.581236417   
0.0158871370053 2.76014539028e-05 893.768275629 -0.565352093333 175.863836717   
0.00768602132918 0.408327448406 0.271528611396 -0.232668053333 175.863836717   
0.0158871370053 1.86654465006e-05 893.768275629 -0.448160966667 100.161277267   
0.00768602132918 0.303988823371 0.271528611396 0.0136729733333 100.161277267   
0.0158871370053 2.99201773329e-05 893.768275629 -0.507214693333 84.1169673   
0.00768602132918 0.208309027054 0.271528611396 0.288308006667 84.1169673   
0.0158871370053 2.61902025816e-05 893.768275629 -0.194046046667 23.8396326253   
0.00768602132918 0.224904626563 0.271528611396 0.299145353333 23.8396326253   
0.0158871370053 9.31322574615e-10 893.768275629 -0.0675666666667 6.68388531419   
0.00768602132918 0.167984799923 0.271528611396 0.227078026667 6.68388531419   
0.0158871370053 6.39913535279e-06 893.768275629 -0.0276339533333 2.31029556783   
0.00768602132918 0.244620253946 0.271528611396 0.326609066667 2.31029556783   
0.00986254857455 0.000129323985293 89.3469972145 -0.286574013333 214.581236417   
0.00964962993686 0.0721693607224 0.0600261693488 -0.628293886667 214.581236417   
0.00986254857455 0.000113311373805 89.3469972145 -0.508734853333 175.863836717   
0.00964962993686 0.0499884078754 0.0600261693488 0.6516042 175.863836717   
0.00986254857455 9.17382785171e-05 89.3469972145 -0.472718186667 100.161277267   
0.00964962993686 0.0754817993978 0.0600261693488 -0.371368693333 100.161277267   
0.00986254857455 8.65607299416e-05 89.3469972145 -0.601821533333 84.1169673   
0.00964962993686 0.0614844104507 0.0600261693488 -0.00267950666667 84.1169673   
0.00986254857455 5.38993791296e-05 89.3469972145 -0.251862273333 23.8396326253   
0.00964962993686 0.0505753523316 0.0600261693488 0.13021696 23.8396326253   
0.00986254857455 3.4426072145e-05 89.3469972145 -0.0919960333333 6.68388531419   
0.00964962993686 0.0250145508295 0.0600261693488 -0.0716185866667 6.68388531419   
0.00986254857455 2.88944246768e-05 89.3469972145 -0.0389166333333 2.31029556783   
0.00964962993686 0.0113666523535 0.0600261693488 -0.0123959933333 2.31029556783   
CALCULATING MATRIX.........n23


finished process
##############################


MATRIX PERMUTATION.....n2

 
MATRIX PERMUTATION.....n3

 
finished process
##############################


MODES.....n2

 
MODES.....n3

 
finished process
##############################


MODES.....n2

 
MODES.....n3

 
finished process 




