

RMS_L1= 2.05528016681e-06
RMS_L2= 8.31697653024e-09

RMS_L1= 1.39288001477e-07
RMS_L2= 5.65663474298e-09
0.000205528016681 0.0 359.473289487 -0.423966666667 123.821276979   
8.31697653024e-08 1.31708901597e-09 0.259459230836 0.108166666667 123.821276979   
0.000205528016681 0.0 359.473289487 -0.565766666667 101.319474706   
8.31697653024e-08 0.0 0.259459230836 0.1529 101.319474706   
0.000205528016681 5.26835606386e-09 359.473289487 -0.447833333333 57.6188900327   
8.31697653024e-08 6.58544507983e-10 0.259459230836 0.0576333333333 57.6188900327   
0.000205528016681 0.0 359.473289487 -0.506033333333 48.3263291678   
8.31697653024e-08 0.0 0.259459230836 -0.111766666667 48.3263291678   
0.000205528016681 0.0 359.473289487 -0.1933 13.6880139542   
8.31697653024e-08 0.0 0.259459230836 -0.202433333333 13.6880139542   
0.000205528016681 0.0 359.473289487 -0.0697666666667 3.9833870986   
8.31697653024e-08 5.26835606386e-09 0.259459230836 -0.462766666667 3.9833870986   
0.000205528016681 0.0 359.473289487 -0.0362333333333 1.74808143052   
8.31697653024e-08 1.49011611938e-08 0.259459230836 -0.833033333333 1.74808143052   
1.39288001477e-05 3.72529029846e-09 31.2029237782 0.287633333333 123.821276979   
5.65663474298e-08 0.0 0.0886166601729 0.8567 123.821276979   
1.39288001477e-05 0.0 31.2029237782 0.5085 101.319474706   
5.65663474298e-08 1.31708901597e-09 0.0886166601729 0.1057 101.319474706   
1.39288001477e-05 7.45058059692e-09 31.2029237782 0.472366666667 57.6188900327   
5.65663474298e-08 9.31322574615e-10 0.0886166601729 0.0513 57.6188900327   
1.39288001477e-05 0.0 31.2029237782 0.600966666667 48.3263291678   
5.65663474298e-08 5.26835606386e-09 0.0886166601729 -0.405433333333 48.3263291678   
1.39288001477e-05 0.0 31.2029237782 0.250633333333 13.6880139542   
5.65663474298e-08 3.72529029846e-09 0.0886166601729 -0.2729 13.6880139542   
1.39288001477e-05 0.0 31.2029237782 0.0948333333333 3.9833870986   
5.65663474298e-08 0.0 0.0886166601729 -0.1093 3.9833870986   
1.39288001477e-05 6.58544507983e-10 31.2029237782 0.0506333333333 1.74808143052   
5.65663474298e-08 0.0 0.0886166601729 -0.0385 1.74808143052   
CALCULATING MATRIX.........n23


finished process
##############################


MATRIX PERMUTATION.....n2

 
MATRIX PERMUTATION.....n3

 
finished process
##############################


MODES.....n2

 
MODES.....n3

 
finished process
##############################


MODES.....n2

 
MODES.....n3

 
finished process 




