

RMS_L1= 0.000584942577116
RMS_L2= 0.00490848150512

RMS_L1= 0.000386858628561
RMS_L2= 0.00503994665374
0.0584942577116 2.90085281814e-05 3719.36776973 0.419949753333 742.049793797   
0.0490848150512 0.0833536690153 0.48358661036 -0.29679826 742.049793797   
0.0584942577116 1.78753403636e-05 3719.36776973 0.5620385 612.210750342   
0.0490848150512 0.0669739687562 0.48358661036 -0.547832313333 612.210750342   
0.0584942577116 1.24907078273e-05 3719.36776973 0.448430933333 351.207078161   
0.0490848150512 0.0718432738672 0.48358661036 0.0849998066667 351.207078161   
0.0584942577116 2.04024868518e-05 3719.36776973 0.512093026667 297.213009073   
0.0490848150512 0.0514208470495 0.48358661036 0.5578843 297.213009073   
0.0584942577116 0.0 3719.36776973 0.197833333333 84.854000432   
0.0490848150512 0.069026220319 0.48358661036 0.472901893333 84.854000432   
0.0584942577116 0.0 3719.36776973 0.0691 23.7679415503   
0.0490848150512 0.0364312421397 0.48358661036 0.205872753333 23.7679415503   
0.0584942577116 0.0 3719.36776973 0.0231 6.66392330469   
0.0490848150512 0.0144601182558 0.48358661036 0.0420811666667 6.66392330469   
0.0386858628561 5.63708192827e-05 814.175750825 -0.28554014 742.049793797   
0.0503994665374 0.309914297033 0.23326951384 0.40053483738 742.049793797   
0.0386858628561 5.11117279475e-05 814.175750825 -0.50413468 612.210750342   
0.0503994665374 0.203665866786 0.23326951384 -0.608383081386 612.210750342   
0.0386858628561 4.31518075102e-05 814.175750825 -0.471242626667 351.207078161   
0.0503994665374 0.261464230669 0.23326951384 0.186603053901 351.207078161   
0.0386858628561 4.07342299937e-05 814.175750825 -0.60560344 297.213009073   
0.0503994665374 0.219266798975 0.23326951384 0.281147427088 297.213009073   
0.0386858628561 2.35847016678e-05 814.175750825 -0.25616586 84.854000432   
0.0503994665374 0.195938827016 0.23326951384 -0.232922965338 84.854000432   
0.0386858628561 1.50678465498e-05 814.175750825 -0.0939036 23.7679415503   
0.0503994665374 0.0614235428783 0.23326951384 -0.0644432890518 23.7679415503   
0.0386858628561 7.8326949911e-06 814.175750825 -0.0323676 6.66392330469   
0.0503994665374 0.0319252437257 0.23326951384 -0.00436985799359 6.66392330469   
CALCULATING MATRIX.........n23


finished process
##############################


MATRIX PERMUTATION.....n2

 
MATRIX PERMUTATION.....n3

 
finished process
##############################


MODES.....n2

 
MODES.....n3

 
finished process
##############################


MODES.....n2

 
MODES.....n3

 
finished process 




