

RMS_L1= 0.000689147077943
RMS_L2= 0.00735080408652

RMS_L1= 0.000530673083466
RMS_L2= 0.00895146425066
0.0689147077943 3.59141193662e-05 2391.843649 -0.417935206667 1054.67085589   
0.0735080408652 0.257542370859 0.473448316536 -0.323977738705 1054.67085589   
0.0689147077943 3.04227870715e-05 2391.843649 -0.559837306667 874.685519826   
0.0735080408652 0.244740520985 0.473448316536 -0.509465471047 874.685519826   
0.0689147077943 3.34294445777e-05 2391.843649 -0.448328833333 504.930114499   
0.0735080408652 0.217913918935 0.473448316536 0.584011329917 504.930114499   
0.0689147077943 2.91103547055e-05 2391.843649 -0.51501936 430.703624579   
0.0735080408652 0.168145814216 0.473448316536 0.27270318162 430.703624579   
0.0689147077943 2.50947708689e-05 2391.843649 -0.20037806 124.244327028   
0.0735080408652 0.0879592810684 0.473448316536 0.0873852071402 124.244327028   
0.0689147077943 1.25513629528e-05 2391.843649 -0.07043088 35.1179564846   
0.0735080408652 0.0472570212926 0.473448316536 0.0110861214374 35.1179564846   
0.0689147077943 1.06881117787e-05 2391.843649 -0.0235684266667 9.88933938496   
0.0735080408652 0.0180970127588 0.473448316536 0.00224469339228 9.88933938496   
0.0530673083466 5.69817997806e-05 1110.57896511 -0.284171493333 1054.67085589   
0.0895146425066 0.527244072404 0.369889125342 -0.154639410349 1054.67085589   
0.0530673083466 5.17057646609e-05 1110.57896511 -0.500781613333 874.685519826   
0.0895146425066 0.365252935154 0.369889125342 -0.494953182244 874.685519826   
0.0530673083466 4.37098869231e-05 1110.57896511 -0.469786513333 504.930114499   
0.0895146425066 0.275967060445 0.369889125342 0.392451510897 504.930114499   
0.0530673083466 4.19620462856e-05 1110.57896511 -0.608195093333 430.703624579   
0.0895146425066 0.148537880058 0.369889125342 0.178182524402 430.703624579   
0.0530673083466 3.01111652204e-05 1110.57896511 -0.259782286667 124.244327028   
0.0895146425066 0.152405695084 0.369889125342 -0.0138357601284 124.244327028   
0.0530673083466 1.79617568721e-05 1110.57896511 -0.0962385866667 35.1179564846   
0.0895146425066 0.0531471291331 0.369889125342 0.0485809265945 35.1179564846   
0.0530673083466 2.42722255576e-05 1110.57896511 -0.0333104866667 9.88933938496   
0.0895146425066 0.0589574967967 0.369889125342 -0.0603632437492 9.88933938496   
CALCULATING MATRIX.........n23


finished process
##############################


MATRIX PERMUTATION.....n2

 
MATRIX PERMUTATION.....n3

 
finished process
##############################


MODES.....n2

 
MODES.....n3

 
finished process
##############################


MODES.....n2

 
MODES.....n3

 
finished process 




