

RMS_L1= 0.000268026599443
RMS_L2= 0.00175095141598

RMS_L1= 0.000162961060918
RMS_L2= 0.00257056916397
0.0268026599443 3.2941903982e-05 1784.87291928 0.42252824 341.208110489   
0.0175095141598 0.0760517491356 0.321149635198 0.40388726 341.208110489   
0.0268026599443 8.44425941374e-06 1784.87291928 0.564632833333 280.135647721   
0.0175095141598 0.0630938607886 0.321149635198 0.339189453333 280.135647721   
0.0268026599443 3.15783324403e-05 1784.87291928 0.448189326667 159.835773308   
0.0175095141598 0.0539557257151 0.321149635198 0.0822847866667 159.835773308   
0.0268026599443 1.4935565511e-05 1784.87291928 0.508503533333 134.460344169   
0.0175095141598 0.0499715701349 0.321149635198 -0.52067626 134.460344169   
0.0268026599443 3.3291644054e-06 1784.87291928 0.194966833333 38.1533181468   
0.0175095141598 0.0444427011444 0.321149635198 -0.593322693333 38.1533181468   
0.0268026599443 2.6148124216e-05 1784.87291928 0.06771266 10.6523013252   
0.0175095141598 0.0291075003603 0.321149635198 -0.2178188 10.6523013252   
0.0268026599443 3.29272253991e-10 1784.87291928 0.0242333333333 3.21018189603   
0.0175095141598 0.0373451926889 0.321149635198 -0.158378113333 3.21018189603   
0.0162961060918 8.81566785597e-05 213.414369807 -0.286278326667 341.208110489   
0.0257056916397 0.200629225978 0.115305332579 -0.721592958449 341.208110489   
0.0162961060918 7.76399397351e-05 213.414369807 -0.507245573333 280.135647721   
0.0257056916397 0.272414250689 0.115305332579 0.375904062433 280.135647721   
0.0162961060918 6.42541861185e-05 213.414369807 -0.472620446667 159.835773308   
0.0257056916397 0.199966911667 0.115305332579 0.0638999002209 159.835773308   
0.0162961060918 6.08089929147e-05 213.414369807 -0.603242573333 134.460344169   
0.0257056916397 0.230660397096 0.115305332579 -0.121608089231 134.460344169   
0.0162961060918 3.97308228734e-05 213.414369807 -0.25268222 38.1533181468   
0.0257056916397 0.216675323976 0.115305332579 0.199393008339 38.1533181468   
0.0162961060918 3.29076276308e-05 213.414369807 -0.0920612733333 10.6523013252   
0.0257056916397 0.118150700684 0.115305332579 0.0920311524482 10.6523013252   
0.0162961060918 2.96557365686e-05 213.414369807 -0.0339181133333 3.21018189603   
0.0257056916397 0.0480009549081 0.115305332579 0.006037253225 3.21018189603   
CALCULATING MATRIX.........n23


finished process
##############################


MATRIX PERMUTATION.....n2

 
MATRIX PERMUTATION.....n3

 
finished process
##############################


MODES.....n2

 
MODES.....n3

 
finished process
##############################


MODES.....n2

 
MODES.....n3

 
finished process 




