

RMS_L1= 0.000680728278816
RMS_L2= 0.006852649525

RMS_L1= 0.000563504682269
RMS_L2= 0.00719135462642
0.0680728278816 5.10758205679e-05 1463.53911276 -0.41656628 1150.42120861   
0.06852649525 0.293819385197 0.301220383309 -0.463241114274 1150.42120861   
0.0680728278816 4.61716399035e-05 1463.53911276 -0.558594526667 956.089848863   
0.06852649525 0.323304921279 0.301220383309 -0.267941649722 956.089848863   
0.0680728278816 4.09641346739e-05 1463.53911276 -0.448377526667 553.31892422   
0.06852649525 0.263221211027 0.301220383309 0.51303698658 553.31892422   
0.0680728278816 4.00561818122e-05 1463.53911276 -0.516737326667 473.546863273   
0.06852649525 0.253715570801 0.301220383309 0.230927511183 473.546863273   
0.0680728278816 2.25171530435e-05 1463.53911276 -0.201840006667 137.221718632   
0.06852649525 0.138791692195 0.301220383309 0.0359094076183 137.221718632   
0.0680728278816 1.46801135231e-05 1463.53911276 -0.0712299266667 38.9420305244   
0.06852649525 0.115578374654 0.301220383309 -0.16779884777 38.9420305244   
0.0680728278816 3.32172050457e-05 1463.53911276 -0.0239305533333 11.0036753239   
0.06852649525 0.0581032650999 0.301220383309 -0.0844057069269 11.0036753239   
0.0563504682269 6.0093547609e-05 1078.97243491 -0.283387233333 1150.42120861   
0.0719135462642 0.167537606922 0.51712042672 -0.465896551264 1150.42120861   
0.0563504682269 5.57230596458e-05 1078.97243491 -0.49939428 956.089848863   
0.0719135462642 0.173205831207 0.51712042672 -0.619960276166 956.089848863   
0.0563504682269 4.64002261625e-05 1078.97243491 -0.468660786667 553.31892422   
0.0719135462642 0.10312998569 0.51712042672 0.373376759389 553.31892422   
0.0563504682269 4.40557177792e-05 1078.97243491 -0.609585686667 473.546863273   
0.0719135462642 0.0965485469903 0.51712042672 0.40781745047 473.546863273   
0.0563504682269 2.81956269071e-05 1078.97243491 -0.261572713333 137.221718632   
0.0719135462642 0.0709915435529 0.51712042672 0.0562498298979 137.221718632   
0.0563504682269 2.72530194171e-05 1078.97243491 -0.0974191933333 38.9420305244   
0.0719135462642 0.0387644788861 0.51712042672 0.050423240611 38.9420305244   
0.0563504682269 0.0 1078.97243491 -0.0339 11.0036753239   
0.0719135462642 0.0206405848682 0.51712042672 -0.0465102061237 11.0036753239   
CALCULATING MATRIX.........n23


finished process
##############################


MATRIX PERMUTATION.....n2

 
MATRIX PERMUTATION.....n3

 
finished process
##############################


MODES.....n2

 
MODES.....n3

 
finished process
##############################


MODES.....n2

 
MODES.....n3

 
finished process 




