

MEAN_L1= 4.2249264952e-05
MEAN_L2= 0.000722713815252

MEAN_L1= 3.6786067145e-05
MEAN_L2= 0.000441592468759
0.0042249264952 0.00419362922457 121.436854559 -0.41962142 2627.70011672   
0.00722713815252 0.0443157966346 4.71615504426 -0.82470932 2627.70011672   
0.0042249264952 0.00323163878472 121.436854559 -0.517108646667 1696.87996271   
0.00722713815252 0.102458033399 4.71615504426 -0.0861335933333 1696.87996271   
0.0042249264952 0.00273038044217 121.436854559 -0.42787912 1007.55853515   
0.00722713815252 0.104156600032 4.71615504426 0.260674473333 1007.55853515   
0.0042249264952 0.00267526097759 121.436854559 -0.53863468 929.171980203   
0.00722713815252 0.0704952457643 4.71615504426 0.3867086 929.171980203   
0.0042249264952 0.00166957611605 121.436854559 -0.254810626667 313.737630357   
0.00722713815252 0.0583570856018 4.71615504426 0.22954496 313.737630357   
0.0042249264952 0.000949633248416 121.436854559 -0.121390653333 107.875797525   
0.00722713815252 0.035575677657 4.71615504426 0.0710702133333 107.875797525   
0.0042249264952 0.000539563296669 121.436854559 -0.0599817333333 38.5828233424   
0.00722713815252 0.0204866572094 4.71615504426 0.06187438 38.5828233424   
0.0036786067145 0.000901654851427 510.006421889 0.313449133333 2627.70011672   
0.00441592468759 0.147336778994 1.58551682285 0.665829769244 2627.70011672   
0.0036786067145 0.000719639232857 510.006421889 0.460352546667 1696.87996271   
0.00441592468759 0.205147501874 1.58551682285 -0.351459474482 1696.87996271   
0.0036786067145 0.000579306902389 510.006421889 0.445219526667 1007.55853515   
0.00441592468759 0.293745327128 1.58551682285 0.32364213239 1007.55853515   
0.0036786067145 0.000547675829461 510.006421889 0.621067853333 929.171980203   
0.00441592468759 0.110618548034 1.58551682285 -0.178633319859 929.171980203   
0.0036786067145 0.000369535326438 510.006421889 0.297479106667 313.737630357   
0.00441592468759 0.129720179614 1.58551682285 -0.157145814384 313.737630357   
0.0036786067145 0.00020749730022 510.006421889 0.123317813333 107.875797525   
0.00441592468759 0.158247397132 1.58551682285 -0.239680757959 107.875797525   
0.0036786067145 0.00011543050993 510.006421889 0.04665014 38.5828233424   
0.00441592468759 0.0615792700702 1.58551682285 -0.0798367020381 38.5828233424   
CALCULATING MATRIX.........n23


finished process
##############################


MATRIX PERMUTATION.....n2

 
MATRIX PERMUTATION.....n3

 
finished process
##############################


MODES.....n2

 
MODES.....n3

 
finished process
##############################


MODES.....n2

 
MODES.....n3

 
finished process 




