

MEAN_L1= 9.80255936641e-06
MEAN_L2= 8.09795291218e-05

MEAN_L1= 5.82904409436e-06
MEAN_L2= 9.81273264947e-05
0.000980255936641 6.84598494543e-05 1558.13089988 -0.460563933333 392.448866733   
0.000809795291218 0.110928300997 0.807509854641 -0.51748736 392.448866733   
0.000980255936641 5.96708362332e-05 1558.13089988 -0.52376032 255.301259111   
0.000809795291218 0.149448643916 0.807509854641 -0.325076893333 255.301259111   
0.000980255936641 5.24752833179e-05 1558.13089988 -0.43074156 151.224776082   
0.000809795291218 0.0854339705446 0.807509854641 0.06151754 151.224776082   
0.000980255936641 5.24296779574e-05 1558.13089988 -0.520770133333 137.003836794   
0.000809795291218 0.0990321047308 0.807509854641 0.489148786667 137.003836794   
0.000980255936641 3.33673187306e-05 1558.13089988 -0.220364093333 44.638979568   
0.000809795291218 0.0839884744551 0.807509854641 0.426192973333 44.638979568   
0.000980255936641 8.61089500473e-06 1558.13089988 -0.0850336066667 14.8342403213   
0.000809795291218 0.0661214267463 0.807509854641 0.330475186667 14.8342403213   
0.000980255936641 6.66633126504e-07 1558.13089988 -0.0320333266667 5.26656192601   
0.000809795291218 0.0394701875741 0.807509854641 0.16702238 5.26656192601   
0.000582904409436 0.000419263050736 174.549069293 -0.312346593333 392.448866733   
0.000981273264947 0.214705406138 0.378876887453 -0.584907815263 392.448866733   
0.000582904409436 0.000334375037335 174.549069293 -0.4740067 255.301259111   
0.000981273264947 0.25803626931 0.378876887453 0.613210067741 255.301259111   
0.000582904409436 0.000273693369189 174.549069293 -0.45403508 151.224776082   
0.000981273264947 0.150728483409 0.378876887453 0.0373978609804 151.224776082   
0.000582904409436 0.000257314714382 174.549069293 -0.614288933333 137.003836794   
0.000981273264947 0.177404346414 0.378876887453 -0.186405349217 137.003836794   
0.000582904409436 0.000171921883598 174.549069293 -0.282443186667 44.638979568   
0.000981273264947 0.22927781272 0.378876887453 -0.0612400941035 44.638979568   
0.000582904409436 9.22248219288e-05 174.549069293 -0.1125906 14.8342403213   
0.000981273264947 0.101485905768 0.378876887453 0.0327757232956 14.8342403213   
0.000582904409436 5.40793014435e-05 174.549069293 -0.04251356 5.26656192601   
0.000981273264947 0.0747488761745 0.378876887453 0.0745535388928 5.26656192601   
CALCULATING MATRIX.........n23


finished process
##############################


MATRIX PERMUTATION.....n2

 
MATRIX PERMUTATION.....n3

 
finished process
##############################


MODES.....n2

 
MODES.....n3

 
finished process
##############################


MODES.....n2

 
MODES.....n3

 
finished process 




