

MEAN_L1= 5.17364354437e-06
MEAN_L2= 3.052725964e-05

MEAN_L1= 3.24362513148e-06
MEAN_L2= 4.3875796584e-05
0.000517364354437 8.80636064939e-05 635.987664344 -0.461125366667 219.926962305   
0.0003052725964 0.364339004762 0.394426260219 -0.40116863353 219.926962305   
0.000517364354437 7.5746847873e-05 635.987664344 -0.52490104 143.621223668   
0.0003052725964 0.406002605059 0.394426260219 0.395486051939 143.621223668   
0.000517364354437 6.55234656973e-05 635.987664344 -0.430716573333 85.2606489033   
0.0003052725964 0.187939314782 0.394426260219 -0.157144391106 85.2606489033   
0.000517364354437 6.64701621941e-05 635.987664344 -0.519398253333 77.2427840881   
0.0003052725964 0.29973909851 0.394426260219 0.100182281561 77.2427840881   
0.000517364354437 4.04652739174e-05 635.987664344 -0.219501293333 25.0928026931   
0.0003052725964 0.34551486538 0.394426260219 -0.0488967730106 25.0928026931   
0.000517364354437 3.17170819892e-05 635.987664344 -0.0847229933333 8.31410640988   
0.0003052725964 0.225390129795 0.394426260219 0.0451810547721 8.31410640988   
0.000517364354437 3.03607231603e-05 635.987664344 -0.0345195733333 3.1818602155   
0.0003052725964 0.224861032275 0.394426260219 -0.00140790412375 3.1818602155   
0.000324362513148 0.000673918649035 61.4047421448 0.3161389 219.926962305   
0.00043875796584 0.412188190599 0.181311129799 0.352332531014 219.926962305   
0.000324362513148 0.000531476412337 61.4047421448 0.475676926667 143.621223668   
0.00043875796584 0.387064232926 0.181311129799 -0.310496365965 143.621223668   
0.000324362513148 0.000430364120631 61.4047421448 0.45467148 85.2606489033   
0.00043875796584 0.444311262585 0.181311129799 0.211648476268 85.2606489033   
0.000324362513148 0.000407190305449 61.4047421448 0.61166596 77.2427840881   
0.00043875796584 0.390414216408 0.181311129799 -0.123332099515 77.2427840881   
0.000324362513148 0.000268332875813 61.4047421448 0.280195366667 25.0928026931   
0.00043875796584 0.15174390092 0.181311129799 0.0685308994067 25.0928026931   
0.000324362513148 0.000144461294322 61.4047421448 0.111324033333 8.31410640988   
0.00043875796584 0.127371536558 0.181311129799 -0.0361335423409 8.31410640988   
0.000324362513148 8.95170638014e-05 61.4047421448 0.0449717466667 3.1818602155   
0.00043875796584 0.0677041336747 0.181311129799 0.00766562162891 3.1818602155   
CALCULATING MATRIX.........n23


finished process
##############################


MATRIX PERMUTATION.....n2

 
MATRIX PERMUTATION.....n3

 
finished process
##############################


MODES.....n2

 
MODES.....n3

 
finished process
##############################


MODES.....n2

 
MODES.....n3

 
finished process 




