

MEAN_L1= 3.64655217642e-05
MEAN_L2= 0.000363703893047

MEAN_L1= 2.32703076797e-05
MEAN_L2= 0.000397685481077
0.00364655217642 6.26744372087e-05 6305.5453542 -0.456697186667 1490.33908852   
0.00363703893047 0.127159811861 2.48115772487 0.544607685613 1490.33908852   
0.00364655217642 5.48181640776e-05 6305.5453542 -0.520281006667 959.738797894   
0.00363703893047 0.171844226792 2.48115772487 0.273154950793 959.738797894   
0.00364655217642 4.76830830988e-05 6305.5453542 -0.43068606 565.454454697   
0.00363703893047 0.141448526422 2.48115772487 0.0487787708375 565.454454697   
0.00364655217642 4.85583072318e-05 6305.5453542 -0.525412413333 512.96249791   
0.00363703893047 0.0975371479374 2.48115772487 -0.607212479079 512.96249791   
0.00364655217642 3.27021244147e-05 6305.5453542 -0.224718046667 168.749639753   
0.00363703893047 0.089245231865 2.48115772487 -0.297943161277 168.749639753   
0.00364655217642 1.46801135231e-05 6305.5453542 -0.08736326 56.7515514878   
0.00363703893047 0.0638635309591 2.48115772487 -0.240474593292 56.7515514878   
0.00364655217642 5.19092801162e-06 6305.5453542 -0.0325004066667 20.0413215549   
0.00363703893047 0.0396433877832 2.48115772487 -0.149227053625 20.0413215549   
0.00232703076797 0.000181836145473 1553.9606257 -0.311070386667 1490.33908852   
0.00397685481077 0.303664811338 1.15307074653 -0.638141856124 1490.33908852   
0.00232703076797 0.000149498327734 1553.9606257 -0.469049166667 959.738797894   
0.00397685481077 0.308333988805 1.15307074653 0.282286336656 959.738797894   
0.00232703076797 0.000122996725464 1553.9606257 -0.4513005 565.454454697   
0.00397685481077 0.268070984926 1.15307074653 0.159110520028 565.454454697   
0.00232703076797 0.000118084425582 1553.9606257 -0.61754496 512.96249791   
0.00397685481077 0.292106764306 1.15307074653 -0.0317116474409 512.96249791   
0.00232703076797 7.89278804588e-05 1553.9606257 -0.28758242 168.749639753   
0.00397685481077 0.18991092176 1.15307074653 0.0370474371897 168.749639753   
0.00232703076797 4.50435438641e-05 1553.9606257 -0.116470606667 56.7515514878   
0.00397685481077 0.271507801443 1.15307074653 0.0187675252921 56.7515514878   
0.00232703076797 3.07447404687e-05 1553.9606257 -0.04388174 20.0413215549   
0.00397685481077 0.173832657017 1.15307074653 0.0239331130772 20.0413215549   
CALCULATING MATRIX.........n23


finished process
##############################


MATRIX PERMUTATION.....n2

 
MATRIX PERMUTATION.....n3

 
finished process
##############################


MODES.....n2

 
MODES.....n3

 
finished process
##############################


MODES.....n2

 
MODES.....n3

 
finished process 




