

MEAN_L1= 2.61558347212e-05
MEAN_L2= 0.000294458902701

MEAN_L1= 1.56540989789e-05
MEAN_L2= 0.000252477604665
0.00261558347212 5.77806285404e-05 4983.40484053 -0.45819716 997.223140406   
0.00294458902701 0.187825898575 1.55111763882 0.638532216071 997.223140406   
0.00261558347212 5.21557628832e-05 4983.40484053 -0.521398753333 643.993873249   
0.00294458902701 0.248866835462 1.55111763882 0.148973947324 643.993873249   
0.00261558347212 4.51989359844e-05 4983.40484053 -0.430946386667 379.835910364   
0.00294458902701 0.196363718637 1.55111763882 -0.142656034222 379.835910364   
0.00261558347212 4.54509849996e-05 4983.40484053 -0.523739726667 344.165804447   
0.00294458902701 0.173004209125 1.55111763882 -0.415886331152 344.165804447   
0.00261558347212 2.93670079396e-05 4983.40484053 -0.222954786667 112.762926821   
0.00294458902701 0.136292185872 1.55111763882 -0.281081795001 112.762926821   
0.00261558347212 2.29442522665e-05 4983.40484053 -0.0862908466667 37.7606431197   
0.00294458902701 0.118555592138 1.55111763882 -0.275678654588 37.7606431197   
0.00261558347212 3.32783753581e-05 4983.40484053 -0.0320647533333 13.29479099   
0.00294458902701 0.0607484617661 1.55111763882 -0.140507555779 13.29479099   
0.00156540989789 0.000226479461667 852.95186175 -0.311377013333 997.223140406   
0.00252477604665 0.287333877763 0.776302143428 -0.651440206845 997.223140406   
0.00156540989789 0.000183122641782 852.95186175 -0.47139198 643.993873249   
0.00252477604665 0.268592607889 0.776302143428 0.117162515549 643.993873249   
0.00156540989789 0.000151938492857 852.95186175 -0.451853166667 379.835910364   
0.00252477604665 0.440153515312 0.776302143428 0.302974258094 379.835910364   
0.00156540989789 0.000144649861274 852.95186175 -0.616690573333 344.165804447   
0.00252477604665 0.267449417955 0.776302143428 -0.0103047979529 344.165804447   
0.00156540989789 9.59561379301e-05 852.95186175 -0.285136526667 112.762926821   
0.00252477604665 0.176620116048 0.776302143428 0.0315230088496 112.762926821   
0.00156540989789 5.32879390101e-05 852.95186175 -0.114931133333 37.7606431197   
0.00252477604665 0.101382994186 0.776302143428 0.0727366847923 37.7606431197   
0.00156540989789 3.45250382427e-05 852.95186175 -0.04293122 13.29479099   
0.00252477604665 0.0472932369247 0.776302143428 -0.00614964992714 13.29479099   
CALCULATING MATRIX.........n23


finished process
##############################


MATRIX PERMUTATION.....n2

 
MATRIX PERMUTATION.....n3

 
finished process
##############################


MODES.....n2

 
MODES.....n3

 
finished process
##############################


MODES.....n2

 
MODES.....n3

 
finished process 




