

MEAN_L1= 4.40972821686e-05
MEAN_L2= 0.000447109328698

MEAN_L1= 3.34988664311e-05
MEAN_L2= 0.000417940710811
0.00440972821686 0.00011903860564 4067.29310481 -0.454182373333 2189.96094368   
0.00447109328698 0.351496605269 2.42959869131 -0.263807790491 2189.96094368   
0.00440972821686 0.000101003772161 4067.29310481 -0.517887106667 1408.21751346   
0.00447109328698 0.244518821392 2.42959869131 0.586192428534 1408.21751346   
0.00440972821686 8.62477052151e-05 4067.29310481 -0.430566 830.394752386   
0.00447109328698 0.300069135251 2.42959869131 0.00949750009441 830.394752386   
0.00440972821686 8.74311303183e-05 4067.29310481 -0.528416526667 756.620830195   
0.00447109328698 0.209724318597 2.42959869131 -0.177976938182 756.620830195   
0.00440972821686 5.33161634371e-05 4067.29310481 -0.22766266 251.019326111   
0.00447109328698 0.225659094485 2.42959869131 -0.334046769382 251.019326111   
0.00440972821686 3.3289154086e-05 4067.29310481 -0.0891431 85.1006938354   
0.00447109328698 0.162145739937 2.42959869131 -0.159180774895 85.1006938354   
0.00440972821686 1.29775447009e-05 4067.29310481 -0.0335025 30.1995516293   
0.00447109328698 0.110318993099 2.42959869131 -0.106506442355 30.1995516293   
0.00334988664311 0.000198761461169 2093.81481143 -0.31016104 2189.96094368   
0.00417940710811 0.448479532348 1.50872418958 0.0742146648571 2189.96094368   
0.00334988664311 0.000159315145124 2093.81481143 -0.465713466667 1408.21751346   
0.00417940710811 0.303694586242 1.50872418958 0.5480821232 1408.21751346   
0.00334988664311 0.000131745084437 2093.81481143 -0.449205706667 830.394752386   
0.00417940710811 0.248739358622 1.50872418958 -0.00418662444394 830.394752386   
0.00334988664311 0.000125964298466 2093.81481143 -0.6197412 756.620830195   
0.00417940710811 0.253884877858 1.50872418958 -0.399339953253 756.620830195   
0.00334988664311 8.48593373016e-05 2093.81481143 -0.29121478 251.019326111   
0.00417940710811 0.170841421819 1.50872418958 -0.118517839101 251.019326111   
0.00334988664311 4.86175052845e-05 2093.81481143 -0.119094313333 85.1006938354   
0.00417940710811 0.175011611567 1.50872418958 0.0154773957626 85.1006938354   
0.00334988664311 3.20109314686e-05 2093.81481143 -0.0453467733333 30.1995516293   
0.00417940710811 0.18422001939 1.50872418958 0.0829269773053 30.1995516293   
CALCULATING MATRIX.........n23


finished process
##############################


MATRIX PERMUTATION.....n2

 
MATRIX PERMUTATION.....n3

 
finished process
##############################


MODES.....n2

 
MODES.....n3

 
finished process
##############################


MODES.....n2

 
MODES.....n3

 
finished process 




