

MEAN_L1= 4.51054392871e-05
MEAN_L2= 0.00049976249234

MEAN_L1= 3.6462408499e-05
MEAN_L2= 0.000582611058241
0.00451054392871 0.000195963312243 2516.01174949 -0.453412226667 2411.14236184   
0.0049976249234 0.446293329626 2.98541725999 0.419673166667 2411.14236184   
0.00451054392871 0.000163936759538 2516.01174949 -0.515936213333 1550.49222978   
0.0049976249234 0.423370607535 2.98541725999 -0.41672328 1550.49222978   
0.00451054392871 0.000138664226402 2516.01174949 -0.4306101 915.025706846   
0.0049976249234 0.221166488034 2.98541725999 0.0892747866667 915.025706846   
0.00451054392871 0.000137964855515 2516.01174949 -0.529767786667 835.432354635   
0.0049976249234 0.316553675832 2.98541725999 -0.0599942066667 835.432354635   
0.00451054392871 8.3750681568e-05 2516.01174949 -0.2296657 278.114483879   
0.0049976249234 0.243387133086 2.98541725999 0.07531684 278.114483879   
0.00451054392871 4.7930609109e-05 2516.01174949 -0.0906528266667 94.5651075787   
0.0049976249234 0.183908981815 2.98541725999 0.0233930133333 94.5651075787   
0.00451054392871 3.28367030415e-05 2516.01174949 -0.0344094266667 33.6227553309   
0.0049976249234 0.101318424058 2.98541725999 -0.03950106 33.6227553309   
0.0036462408499 0.000219531379761 2024.49526414 -0.310945866667 2411.14236184   
0.00582611058241 0.274771471396 2.33588628922 -0.595669252327 2411.14236184   
0.0036462408499 0.000178924569395 2024.49526414 -0.463898946667 1550.49222978   
0.00582611058241 0.331079103087 2.33588628922 0.513922620358 1550.49222978   
0.0036462408499 0.000146259662774 2024.49526414 -0.448819666667 915.025706846   
0.00582611058241 0.190736250735 2.33588628922 -0.218619047142 915.025706846   
0.0036462408499 0.000139852010777 2024.49526414 -0.61989686 835.432354635   
0.00582611058241 0.235239057165 2.33588628922 9.33073099123e-05 835.432354635   
0.0036462408499 9.39287102372e-05 2024.49526414 -0.29299514 278.114483879   
0.00582611058241 0.121249541495 2.33588628922 0.144902055183 278.114483879   
0.0036462408499 5.39220502908e-05 2024.49526414 -0.12017894 94.5651075787   
0.00582611058241 0.0732623385629 2.33588628922 0.0392148567044 94.5651075787   
0.0036462408499 3.48817023041e-05 2024.49526414 -0.0459350133333 33.6227553309   
0.00582611058241 0.106516119872 2.33588628922 -0.0498773396056 33.6227553309   
CALCULATING MATRIX.........n23


finished process
##############################


MATRIX PERMUTATION.....n2

 
MATRIX PERMUTATION.....n3

 
finished process
##############################


MODES.....n2

 
MODES.....n3

 
finished process
##############################


MODES.....n2

 
MODES.....n3

 
finished process 




