

MEAN_L1= 1.63571583503e-05
MEAN_L2= 0.000110890960848

MEAN_L1= 9.7383730932e-06
MEAN_L2= 0.000200282329948
0.00163571583503 5.89974296312e-05 3073.18715548 -0.459393453333 644.050004671   
0.00110890960848 0.146745573221 0.807277971417 -0.513306274588 644.050004671   
0.00163571583503 5.24382882549e-05 3073.18715548 -0.522622813333 417.372388805   
0.00110890960848 0.192696560597 0.807277971417 -0.12375461759 417.372388805   
0.00163571583503 4.66938891744e-05 3073.18715548 -0.43097264 246.636064147   
0.00110890960848 0.140321711007 0.807277971417 -0.00785921184237 246.636064147   
0.00163571583503 4.71442379964e-05 3073.18715548 -0.522146246667 223.415339673   
0.00110890960848 0.135556024911 0.807277971417 0.273896319264 223.415339673   
0.00163571583503 3.3323219289e-05 3073.18715548 -0.22159158 72.9877464131   
0.00110890960848 0.133487188058 0.807277971417 0.538291911716 72.9877464131   
0.00163571583503 1.58077279937e-05 3073.18715548 -0.08563732 24.3484336837   
0.00110890960848 0.101710324676 0.807277971417 0.379134846969 24.3484336837   
0.00163571583503 1.35388150012e-05 3073.18715548 -0.03176954 8.55540506417   
0.00110890960848 0.0748355194266 0.807277971417 0.286571747683 8.55540506417   
0.00097383730932 0.000291128583305 413.68559196 -0.311312153333 644.050004671   
0.00200282329948 0.36792465808 0.519873269476 -0.635609951049 644.050004671   
0.00097383730932 0.000232875673052 413.68559196 -0.473442926667 417.372388805   
0.00200282329948 0.458899978369 0.519873269476 0.217268074834 417.372388805   
0.00097383730932 0.000191933339173 413.68559196 -0.45323138 246.636064147   
0.00200282329948 0.289560897764 0.519873269476 0.0300811976128 246.636064147   
0.00097383730932 0.0001814466667 413.68559196 -0.615172973333 223.415339673   
0.00200282329948 0.196134721923 0.519873269476 0.12754630859 223.415339673   
0.00097383730932 0.000120781726175 413.68559196 -0.283609486667 72.9877464131   
0.00200282329948 0.173716767437 0.519873269476 0.0192034332462 72.9877464131   
0.00097383730932 6.58009114933e-05 413.68559196 -0.113331993333 24.3484336837   
0.00200282329948 0.174524598815 0.519873269476 -0.0172007376115 24.3484336837   
0.00097383730932 4.00505630373e-05 413.68559196 -0.0424361533333 8.55540506417   
0.00200282329948 0.0432498228643 0.519873269476 -0.0133135653457 8.55540506417   
CALCULATING MATRIX.........n23


finished process
##############################


MATRIX PERMUTATION.....n2

 
MATRIX PERMUTATION.....n3

 
finished process
##############################


MODES.....n2

 
MODES.....n3

 
finished process
##############################


MODES.....n2

 
MODES.....n3

 
finished process 




