

RMS_L1= 0.000656992666817
RMS_L2= 0.00521479225123

RMS_L1= 0.000436289730316
RMS_L2= 0.00760287079412
0.0656992666817 2.60324368244e-05 3751.55371701 -0.4183547 969.978583504   
0.0521479225123 0.0426713628618 1.28193021864 0.54517212 969.978583504   
0.0656992666817 1.72971932025e-05 3751.55371701 -0.560904206667 776.620913453   
0.0521479225123 0.0432002343185 1.28193021864 0.275166266667 776.620913453   
0.0656992666817 2.14328677866e-05 3751.55371701 -0.448374453333 435.87225657   
0.0521479225123 0.0358059202558 1.28193021864 0.0207413866667 435.87225657   
0.0656992666817 2.57731327884e-05 3751.55371701 -0.513645506667 368.883787289   
0.0521479225123 0.0240683926092 1.28193021864 -0.534288613333 368.883787289   
0.0656992666817 1.99909990566e-06 3751.55371701 -0.199766726667 109.952591293   
0.0521479225123 0.0255974654675 1.28193021864 -0.459103926667 109.952591293   
0.0656992666817 0.0 3751.55371701 -0.0706333333333 33.7793174144   
0.0521479225123 0.016995292357 1.28193021864 -0.2984609 33.7793174144   
0.0656992666817 0.0 3751.55371701 -0.0240333333333 11.0482341154   
0.0521479225123 0.0103843840994 1.28193021864 -0.186337073333 11.0482341154   
0.0436289730316 6.45498586182e-05 807.257216416 -0.285516013333 969.978583504   
0.0760287079412 0.305104361695 0.582951618188 0.732157355344 969.978583504   
0.0436289730316 5.72846735388e-05 807.257216416 -0.504014553333 776.620913453   
0.0760287079412 0.261252949213 0.582951618188 -0.253916208104 776.620913453   
0.0436289730316 4.8262082586e-05 807.257216416 -0.471227106667 435.87225657   
0.0760287079412 0.135422541105 0.582951618188 0.10329817909 435.87225657   
0.0436289730316 4.5624506771e-05 807.257216416 -0.605905266667 368.883787289   
0.0760287079412 0.142544298736 0.582951618188 -0.238988077372 368.883787289   
0.0436289730316 3.44330273032e-05 807.257216416 -0.255932953333 109.952591293   
0.0760287079412 0.246038150511 0.582951618188 0.0410541837585 109.952591293   
0.0436289730316 8.59874937108e-06 807.257216416 -0.09356752 33.7793174144   
0.0760287079412 0.206815328761 0.582951618188 0.0243294480574 33.7793174144   
0.0436289730316 2.4697130736e-05 807.257216416 -0.0318890533333 11.0482341154   
0.0760287079412 0.144939853242 0.582951618188 0.0713753443388 11.0482341154   
CALCULATING MATRIX.........n23


finished process
##############################


MATRIX PERMUTATION.....n2

 
MATRIX PERMUTATION.....n3

 
finished process
##############################


MODES.....n2

 
MODES.....n3

 
finished process
##############################


MODES.....n2

 
MODES.....n3

 
finished process 




