

RMS_L1= 9.28621141182e-05
RMS_L2= 0.000489664240035

RMS_L1= 6.25116184354e-05
RMS_L2= 0.000831536574446
0.00928621141182 3.10157495557e-05 363.006280854 -0.422954786667 141.454442522   
0.00489664240035 0.0221561201141 0.341494404409 0.364502246667 141.454442522   
0.00928621141182 3.27648843683e-05 363.006280854 -0.565256993333 114.348463555   
0.00489664240035 0.0175344953969 0.341494404409 0.33687256 114.348463555   
0.00928621141182 2.30741564107e-05 363.006280854 -0.447906833333 64.5707051317   
0.00489664240035 0.0185672285675 0.341494404409 0.0360514866667 64.5707051317   
0.00928621141182 2.42322227924e-05 363.006280854 -0.507108186667 54.566568079   
0.00489664240035 0.0149052754237 0.341494404409 -0.44120962 54.566568079   
0.00928621141182 2.90463968657e-06 363.006280854 -0.19483342 16.088070042   
0.00489664240035 0.00942339263295 0.341494404409 -0.493461073333 16.088070042   
0.00928621141182 0.0 363.006280854 -0.0698333333333 4.98637559843   
0.00489664240035 0.0111403013101 0.341494404409 -0.42076802 4.98637559843   
0.00928621141182 3.29272253991e-10 363.006280854 -0.0311666666667 2.13819294568   
0.00489664240035 0.00985516305942 0.341494404409 -0.368055073333 2.13819294568   
0.00625116184354 0.000242015095946 30.4031492695 0.290118933333 141.454442522   
0.00831536574446 0.205460158846 0.0397474326035 0.166502684295 141.454442522   
0.00625116184354 0.000205966098066 30.4031492695 0.511940526667 114.348463555   
0.00831536574446 0.181284295014 0.0397474326035 -0.73555690438 114.348463555   
0.00625116184354 0.00016797091773 30.4031492695 0.47357292 64.5707051317   
0.00831536574446 0.145812437538 0.0397474326035 0.324016452991 64.5707051317   
0.00625116184354 0.000157905271091 30.4031492695 0.598962593333 54.566568079   
0.00831536574446 0.121945104135 0.0397474326035 0.128582405182 54.566568079   
0.00625116184354 9.64159792873e-05 30.4031492695 0.24695516 16.088070042   
0.00831536574446 0.126231826929 0.0397474326035 0.291527891293 16.088070042   
0.00625116184354 5.35530125767e-05 30.4031492695 0.0905488133333 4.98637559843   
0.00831536574446 0.111428352465 0.0397474326035 0.203383012821 4.98637559843   
0.00625116184354 3.9506758354e-05 30.4031492695 0.0391648733333 2.13819294568   
0.00831536574446 0.0909539409014 0.0397474326035 0.188484461806 2.13819294568   
CALCULATING MATRIX.........n23


finished process
##############################


MATRIX PERMUTATION.....n2

 
MATRIX PERMUTATION.....n3

 
finished process
##############################


MODES.....n2

 
MODES.....n3

 
finished process
##############################


MODES.....n2

 
MODES.....n3

 
finished process 




