

RMS_L1= 0.000776256835105
RMS_L2= 0.00743660471857

RMS_L1= 0.000671689939311
RMS_L2= 0.00646174028773
0.0776256835105 0.00108325789571 79.4218393034 -0.377130773333 1719.09080599   
0.0743660471857 0.0379095942682 1.39017874309 0.596982686667 1719.09080599   
0.0776256835105 0.000910597448804 79.4218393034 -0.55127986 1382.80587223   
0.0743660471857 0.0356060167331 1.39017874309 0.3499273 1382.80587223   
0.0776256835105 0.000762851384453 79.4218393034 -0.44947874 782.980909005   
0.0743660471857 0.0496982270253 1.39017874309 -0.190573713333 782.980909005   
0.0776256835105 0.000742212025822 79.4218393034 -0.53141308 673.670248574   
0.0743660471857 0.029951272851 1.39017874309 -0.33949408 673.670248574   
0.0776256835105 0.000443106199356 79.4218393034 -0.237589126667 205.854831607   
0.0743660471857 0.027554074701 1.39017874309 -0.446045726667 205.854831607   
0.0776256835105 0.000235355065658 79.4218393034 -0.103656253333 64.4222811168   
0.0743660471857 0.0215064152402 1.39017874309 -0.36333918 64.4222811168   
0.0776256835105 0.000129656486318 79.4218393034 -0.0472758 21.1815589553   
0.0743660471857 0.0121630701 1.39017874309 -0.17656302 21.1815589553   
0.0671689939311 0.000298745525213 270.113784878 -0.287725006667 1719.09080599   
0.0646174028773 0.144204248864 0.504505487744 0.244752563076 1719.09080599   
0.0671689939311 0.000258833017719 270.113784878 -0.495894953333 1382.80587223   
0.0646174028773 0.191505899175 0.504505487744 0.345736336938 1382.80587223   
0.0671689939311 0.000208443852814 270.113784878 -0.466435653333 782.980909005   
0.0646174028773 0.30992195274 0.504505487744 0.153071245495 782.980909005   
0.0671689939311 0.000191793004335 270.113784878 -0.611053726667 673.670248574   
0.0646174028773 0.185630613493 0.504505487744 -0.223472907489 673.670248574   
0.0671689939311 0.000121106330578 270.113784878 -0.264125506667 205.854831607   
0.0646174028773 0.231630953095 0.504505487744 -0.49178845281 205.854831607   
0.0671689939311 6.61329673686e-05 270.113784878 -0.0974691133333 64.4222811168   
0.0646174028773 0.168448098596 0.504505487744 -0.391880703511 64.4222811168   
0.0671689939311 3.89936610276e-05 270.113784878 -0.03302712 21.1815589553   
0.0646174028773 0.116532606448 0.504505487744 -0.261109871846 21.1815589553   
CALCULATING MATRIX.........n23


finished process
##############################


MATRIX PERMUTATION.....n2

 
MATRIX PERMUTATION.....n3

 
finished process
##############################


MODES.....n2

 
MODES.....n3

 
finished process
##############################


MODES.....n2

 
MODES.....n3

 
finished process 




