

RMS_L1= 0.000821645079537
RMS_L2= 0.0059033477815

RMS_L1= 0.00063384158819
RMS_L2= 0.00576183575585
0.0821645079537 3.97308970985e-05 2440.5131487 -0.415658226667 1428.52493583   
0.059033477815 0.0610130833735 1.47680018754 -0.524839893333 1428.52493583   
0.0821645079537 3.68250981414e-05 2440.5131487 -0.558674633333 1143.45642202   
0.059033477815 0.0667532312559 1.47680018754 -0.187880793333 1143.45642202   
0.0821645079537 2.95314760924e-05 2440.5131487 -0.44850058 642.612586756   
0.059033477815 0.0391209206702 1.47680018754 -0.134763893333 642.612586756   
0.0821645079537 2.92593549088e-05 2440.5131487 -0.516769846667 546.231185479   
0.059033477815 0.0286851472682 1.47680018754 0.4927924 546.231185479   
0.0821645079537 2.95138566073e-05 2440.5131487 -0.202651173333 164.092170639   
0.059033477815 0.0265746428658 1.47680018754 0.476370393333 164.092170639   
0.0821645079537 9.4271560639e-07 2440.5131487 -0.0722333466667 50.7241845378   
0.059033477815 0.0189482488046 1.47680018754 0.367785193333 50.7241845378   
0.0821645079537 1.33306655862e-06 2440.5131487 -0.02483336 16.6132545173   
0.059033477815 0.0124711148848 1.47680018754 0.23300464 16.6132545173   
0.063384158819 6.86560132279e-05 1100.11598357 -0.284283693333 1428.52493583   
0.0576183575585 0.0568253158377 0.206504908944 -0.708937946667 1428.52493583   
0.063384158819 6.02331335406e-05 1100.11598357 -0.500855693333 1143.45642202   
0.0576183575585 0.0676237775765 0.206504908944 -0.31417678 1143.45642202   
0.063384158819 5.02633131045e-05 1100.11598357 -0.46986152 642.612586756   
0.0576183575585 0.0606290348006 0.206504908944 0.12578758 642.612586756   
0.063384158819 4.71751507042e-05 1100.11598357 -0.60830858 546.231185479   
0.0576183575585 0.0364633800752 0.206504908944 0.27852268 546.231185479   
0.063384158819 3.17389353137e-05 1100.11598357 -0.259372533333 164.092170639   
0.0576183575585 0.0385152935421 0.206504908944 0.34387482 164.092170639   
0.063384158819 8.58566263779e-06 1100.11598357 -0.0956997466667 50.7241845378   
0.0576183575585 0.0362862142527 0.206504908944 0.360897766667 50.7241845378   
0.063384158819 3.19804801595e-05 1100.11598357 -0.0329239333333 16.6132545173   
0.0576183575585 0.0245732907413 0.206504908944 0.20147892 16.6132545173   
CALCULATING MATRIX.........n23


finished process
##############################


MATRIX PERMUTATION.....n2

 
MATRIX PERMUTATION.....n3

 
finished process
##############################


MODES.....n2

 
MODES.....n3

 
finished process
##############################


MODES.....n2

 
MODES.....n3

 
finished process 




