

RMS_L1= 0.000297122356687
RMS_L2= 0.0026413366601

RMS_L1= 0.000185681950786
RMS_L2= 0.00237251150853
0.0297122356687 3.22713502245e-05 1798.71619103 -0.4211916 417.605702147   
0.026413366601 0.0333089627747 0.76448093279 -0.645031773333 417.605702147   
0.0297122356687 2.47507603375e-05 1798.71619103 -0.563489093333 335.724999866   
0.026413366601 0.0385925143921 0.76448093279 -0.237476733333 335.724999866   
0.0297122356687 1.21918000806e-05 1798.71619103 -0.448168933333 188.866355219   
0.026413366601 0.0284362537275 0.76448093279 0.170707253333 188.866355219   
0.0297122356687 6.86156405434e-06 1798.71619103 -0.509966493333 159.596460924   
0.026413366601 0.0226395713619 0.76448093279 0.422153213333 159.596460924   
0.0297122356687 2.20986814126e-06 1798.71619103 -0.196966593333 47.294582842   
0.026413366601 0.021833692568 0.76448093279 0.458391033333 47.294582842   
0.0297122356687 0.0 1798.71619103 -0.0692333333333 14.4531154525   
0.026413366601 0.0153211193275 0.76448093279 0.28417262 14.4531154525   
0.0297122356687 1.3980111269e-05 1798.71619103 -0.0239030733333 4.81569944861   
0.026413366601 0.00975524751265 0.76448093279 0.15678656 4.81569944861   
0.0185681950786 0.000103624065153 210.848254269 -0.287630093333 417.605702147   
0.0237251150853 0.223448532782 0.0973813541553 0.201627585631 417.605702147   
0.0185681950786 9.00458898774e-05 210.848254269 -0.508295266667 335.724999866   
0.0237251150853 0.185036964286 0.0973813541553 0.44233037594 335.724999866   
0.0185681950786 7.36558894265e-05 210.848254269 -0.472627433333 188.866355219   
0.0237251150853 0.241429880649 0.0973813541553 0.217417533835 188.866355219   
0.0185681950786 6.9954918479e-05 210.848254269 -0.60250354 159.596460924   
0.0237251150853 0.158732726498 0.0973813541553 -0.414391649123 159.596460924   
0.0185681950786 4.49429143758e-05 210.848254269 -0.2514737 47.294582842   
0.0237251150853 0.179696148977 0.0973813541553 -0.396813637427 47.294582842   
0.0185681950786 2.55672534084e-05 210.848254269 -0.0911092666667 14.4531154525   
0.0237251150853 0.105180069336 0.0973813541553 -0.305135502089 14.4531154525   
0.0185681950786 2.65408490201e-05 210.848254269 -0.0312465 4.81569944861   
0.0237251150853 0.110476664818 0.0973813541553 -0.266306576441 4.81569944861   
CALCULATING MATRIX.........n23


finished process
##############################


MATRIX PERMUTATION.....n2

 
MATRIX PERMUTATION.....n3

 
finished process
##############################


MODES.....n2

 
MODES.....n3

 
finished process
##############################


MODES.....n2

 
MODES.....n3

 
finished process 




