

RMS_L1= 9.40686029212e-05
RMS_L2= 0.000488556042818

RMS_L1= 6.23358572843e-05
RMS_L2= 0.000825792461814
0.00940686029212 3.0919536946e-05 363.006386558 -0.422955733333 141.454442522   
0.00488556042818 0.0222455748448 0.341669340202 0.365013393333 141.454442522   
0.00940686029212 3.29772948763e-05 363.006386558 -0.56525698 114.348463555   
0.00488556042818 0.0173399362156 0.341669340202 0.336905853333 114.348463555   
0.00940686029212 2.32472460131e-05 363.006386558 -0.447906566667 64.5707051317   
0.00488556042818 0.0181941636478 0.341669340202 0.0356033066667 64.5707051317   
0.00940686029212 2.40765359243e-05 363.006386558 -0.50710802 54.566568079   
0.00488556042818 0.0147534933106 0.341669340202 -0.44136272 54.566568079   
0.00940686029212 2.58129286816e-06 363.006386558 -0.194833393333 16.088070042   
0.00488556042818 0.00957486289333 0.341669340202 -0.493368466667 16.088070042   
0.00940686029212 0.0 363.006386558 -0.0698333333333 4.98637559843   
0.00488556042818 0.0109908822207 0.341669340202 -0.4204999 4.98637559843   
0.00940686029212 3.29272253991e-10 363.006386558 -0.0311666666667 2.13819294568   
0.00488556042818 0.00973630307132 0.341669340202 -0.36784012 2.13819294568   
0.00623358572843 0.000238416724889 30.4030406542 0.290122913333 141.454442522   
0.00825792461814 0.203788925925 0.0396841700662 0.168074283998 141.454442522   
0.00623358572843 0.000207654965541 30.4030406542 0.511938526667 114.348463555   
0.00825792461814 0.181778977438 0.0396841700662 -0.735163001535 114.348463555   
0.00623358572843 0.000167422244272 30.4030406542 0.473572593333 64.5707051317   
0.00825792461814 0.144872748423 0.0396841700662 0.32457933774 64.5707051317   
0.00623358572843 0.00015820571594 30.4030406542 0.598962686667 54.566568079   
0.00825792461814 0.123201289754 0.0396841700662 0.126794572401 54.566568079   
0.00623358572843 9.60377405869e-05 30.4030406542 0.246956153333 16.088070042   
0.00825792461814 0.126721659074 0.0396841700662 0.29206543828 16.088070042   
0.00623358572843 5.28694454854e-05 30.4030406542 0.09054878 4.98637559843   
0.00825792461814 0.111732029395 0.0396841700662 0.203751545497 4.98637559843   
0.00623358572843 3.97162373731e-05 30.4030406542 0.0391647933333 2.13819294568   
0.00825792461814 0.0918847173039 0.0396841700662 0.187921663662 2.13819294568   
CALCULATING MATRIX.........n23


finished process
##############################


MATRIX PERMUTATION.....n2

 
MATRIX PERMUTATION.....n3

 
finished process
##############################


MODES.....n2

 
MODES.....n3

 
finished process
##############################


MODES.....n2

 
MODES.....n3

 
finished process 




