

RMS_L1= 0.000465126479121
RMS_L2= 0.00338344126865

RMS_L1= 0.00028840443877
RMS_L2= 0.00264880498902
0.0465126479121 3.06881776897e-05 2942.0500349 -0.42007968 647.962448012   
0.0338344126865 0.0447659717018 0.92808713897 -0.458377913333 647.962448012   
0.0465126479121 9.83395920858e-06 2942.0500349 -0.56236624 519.701136333   
0.0338344126865 0.0409696516396 0.92808713897 -0.39622042 519.701136333   
0.0465126479121 3.33206357834e-05 2942.0500349 -0.44820092 291.897122907   
0.0338344126865 0.0337392006803 0.92808713897 0.09434316 291.897122907   
0.0465126479121 2.834452824e-05 2942.0500349 -0.511582433333 246.743734288   
0.0338344126865 0.0254312712352 0.92808713897 0.4922605 246.743734288   
0.0465126479121 1.49033496412e-06 2942.0500349 -0.198099966667 73.2922651945   
0.0338344126865 0.0227642972448 0.92808713897 0.4703872 73.2922651945   
0.0465126479121 1.62095157061e-05 2942.0500349 -0.0697708733333 22.4503665989   
0.0338344126865 0.0167709577464 0.92808713897 0.32995672 22.4503665989   
0.0465126479121 0.0 2942.0500349 -0.0237666666667 7.35775973812   
0.0338344126865 0.0106630428471 0.92808713897 0.212513626667 7.35775973812   
0.028840443877 7.74521834156e-05 439.631453272 -0.286317186667 647.962448012   
0.0264880498902 0.0260611758607 0.148966373053 0.88409212 647.962448012   
0.028840443877 6.84842583868e-05 439.631453272 -0.50659776 519.701136333   
0.0264880498902 0.0665588132898 0.148966373053 -0.00292954666667 519.701136333   
0.028840443877 5.71465452391e-05 439.631453272 -0.472017513333 291.897122907   
0.0264880498902 0.0461163284168 0.148966373053 0.0548579733333 291.897122907   
0.028840443877 5.39579354338e-05 439.631453272 -0.60397816 246.743734288   
0.0264880498902 0.0315675892606 0.148966373053 -0.357524153333 246.743734288   
0.028840443877 3.5621640943e-05 439.631453272 -0.25357874 73.2922651945   
0.0264880498902 0.0474278351937 0.148966373053 -0.163198686667 73.2922651945   
0.028840443877 1.81322304008e-05 439.631453272 -0.0922383333333 22.4503665989   
0.0264880498902 0.0297754860028 0.148966373053 -0.17168254 22.4503665989   
0.028840443877 0.0 439.631453272 -0.0313 7.35775973812   
0.0264880498902 0.0211045168969 0.148966373053 -0.140060826667 7.35775973812   
CALCULATING MATRIX.........n23


finished process
##############################


MATRIX PERMUTATION.....n2

 
MATRIX PERMUTATION.....n3

 
finished process
##############################


MODES.....n2

 
MODES.....n3

 
finished process
##############################


MODES.....n2

 
MODES.....n3

 
finished process 




