

RMS_L1= 0.000825496709272
RMS_L2= 0.00588076853774

RMS_L1= 0.000627943574898
RMS_L2= 0.00567326178603
0.0825496709272 3.94152800951e-05 2440.51498414 -0.415658653333 1428.52493583   
0.0588076853774 0.061537407751 1.47829301003 -0.52414354 1428.52493583   
0.0825496709272 3.67314129705e-05 2440.51498414 -0.55867484 1143.45642202   
0.0588076853774 0.0675753727678 1.47829301003 -0.189430633333 1143.45642202   
0.0825496709272 2.99790430876e-05 2440.51498414 -0.448500606667 642.612586756   
0.0588076853774 0.0386859835811 1.47829301003 -0.134210526667 642.612586756   
0.0825496709272 2.900732832e-05 2440.51498414 -0.516769706667 546.231185479   
0.0588076853774 0.0286400892924 1.47829301003 0.49364488 546.231185479   
0.0825496709272 2.90047538089e-05 2440.51498414 -0.20265024 164.092170639   
0.0588076853774 0.0267463659522 1.47829301003 0.475922546667 164.092170639   
0.0825496709272 1.33306619263e-06 2440.51498414 -0.07223336 50.7241845378   
0.0588076853774 0.018959098893 1.47829301003 0.3675769 50.7241845378   
0.0825496709272 9.42714801331e-07 2440.51498414 -0.0248333466667 16.6132545173   
0.0588076853774 0.0124812474992 1.47829301003 0.232755713333 16.6132545173   
0.0627943574898 6.84172737208e-05 1100.11545531 -0.284283766667 1428.52493583   
0.0567326178603 0.0569564074654 0.206206529563 -0.7085079 1428.52493583   
0.0627943574898 5.99442572704e-05 1100.11545531 -0.500855293333 1143.45642202   
0.0567326178603 0.0674503686096 0.206206529563 -0.31444508 1143.45642202   
0.0627943574898 5.01600476877e-05 1100.11545531 -0.469860973333 642.612586756   
0.0567326178603 0.060169736259 0.206206529563 0.125774713333 642.612586756   
0.0627943574898 4.77750249019e-05 1100.11545531 -0.608308653333 546.231185479   
0.0567326178603 0.0362490861569 0.206206529563 0.278358453333 546.231185479   
0.0627943574898 3.18098791024e-05 1100.11545531 -0.25937354 164.092170639   
0.0567326178603 0.0387197244703 0.206206529563 0.344164073333 164.092170639   
0.0627943574898 8.4558330354e-06 1100.11545531 -0.0956997666667 50.7241845378   
0.0567326178603 0.0364350396901 0.206206529563 0.361261 50.7241845378   
0.0627943574898 3.18271749686e-05 1100.11545531 -0.0329234266667 16.6132545173   
0.0567326178603 0.0247894907919 0.206206529563 0.20176802 16.6132545173   
CALCULATING MATRIX.........n23


finished process
##############################


MATRIX PERMUTATION.....n2

 
MATRIX PERMUTATION.....n3

 
finished process
##############################


MODES.....n2

 
MODES.....n3

 
finished process
##############################


MODES.....n2

 
MODES.....n3

 
finished process 




