

RMS_L1= 0.000771433945046
RMS_L2= 0.00732781614279

RMS_L1= 0.000695262572297
RMS_L2= 0.00652697698476
0.0771433945046 0.00108159929074 79.421074844 -0.377128926667 1719.09080599   
0.0732781614279 0.0378012917192 1.38933118696 0.59735676 1719.09080599   
0.0771433945046 0.000906274839947 79.421074844 -0.551258173333 1382.80587223   
0.0732781614279 0.0361061489671 1.38933118696 0.349479053333 1382.80587223   
0.0771433945046 0.000765991955376 79.421074844 -0.449496426667 782.980909005   
0.0732781614279 0.0492322366394 1.38933118696 -0.190789893333 782.980909005   
0.0771433945046 0.000729813216489 79.421074844 -0.531423893333 673.670248574   
0.0732781614279 0.0296090443253 1.38933118696 -0.339030766667 673.670248574   
0.0771433945046 0.000441703151972 79.421074844 -0.237586546667 205.854831607   
0.0732781614279 0.0271918822532 1.38933118696 -0.44605634 205.854831607   
0.0771433945046 0.000235302937033 79.421074844 -0.103654173333 64.4222811168   
0.0732781614279 0.0212361551036 1.38933118696 -0.363542946667 64.4222811168   
0.0771433945046 0.000129780955801 79.421074844 -0.0472754866667 21.1815589553   
0.0732781614279 0.0119552642168 1.38933118696 -0.176605553333 21.1815589553   
0.0695262572297 0.00029989511392 270.114379057 -0.287727693333 1719.09080599   
0.0652697698476 0.140709313262 0.504443996771 0.245947225281 1719.09080599   
0.0695262572297 0.000260284674461 270.114379057 -0.495895393333 1382.80587223   
0.0652697698476 0.187442918436 0.504443996771 0.347051346481 1382.80587223   
0.0695262572297 0.000208196404389 270.114379057 -0.46643352 782.980909005   
0.0652697698476 0.313359397232 0.504443996771 0.146825437982 782.980909005   
0.0695262572297 0.00019350021737 270.114379057 -0.611053726667 673.670248574   
0.0652697698476 0.190624861674 0.504443996771 -0.219327083125 673.670248574   
0.0695262572297 0.000122255388578 270.114379057 -0.264125713333 205.854831607   
0.0652697698476 0.227883217339 0.504443996771 -0.494318807355 205.854831607   
0.0695262572297 6.56881670284e-05 270.114379057 -0.0974691066667 64.4222811168   
0.0652697698476 0.169779429666 0.504443996771 -0.391247155204 64.4222811168   
0.0695262572297 3.82637112591e-05 270.114379057 -0.0330278866667 21.1815589553   
0.0652697698476 0.116093496765 0.504443996771 -0.26130171522 21.1815589553   
CALCULATING MATRIX.........n23


finished process
##############################


MATRIX PERMUTATION.....n2

 
MATRIX PERMUTATION.....n3

 
finished process
##############################


MODES.....n2

 
MODES.....n3

 
finished process
##############################


MODES.....n2

 
MODES.....n3

 
finished process 




