

RMS_L1= 1.26226820869e-05
RMS_L2= 4.10310752167e-08

RMS_L1= 1.34143560349e-06
RMS_L2= 6.01992172834e-09
0.00126226820869 0.0 1798.71624234 -0.421166666667 417.605702147   
4.10310752167e-07 0.0 0.76369390737 -0.646833333333 417.605702147   
0.00126226820869 0.0 1798.71624234 -0.5635 335.724999866   
4.10310752167e-07 2.63417803193e-09 0.76369390737 -0.237766666667 335.724999866   
0.00126226820869 0.0 1798.71624234 -0.448166666667 188.866355219   
4.10310752167e-07 0.0 0.76369390737 0.171233333333 188.866355219   
0.00126226820869 7.45058059692e-09 1798.71624234 -0.509966666667 159.596460924   
4.10310752167e-07 0.0 0.76369390737 0.422966666667 159.596460924   
0.00126226820869 0.0 1798.71624234 -0.196966666667 47.294582842   
4.10310752167e-07 5.26835606386e-09 0.76369390737 0.459566666667 47.294582842   
0.00126226820869 0.0 1798.71624234 -0.0692333333333 14.4531154525   
4.10310752167e-07 0.0 0.76369390737 0.2847 14.4531154525   
0.00126226820869 0.0 1798.71624234 -0.0239 4.81569944861   
4.10310752167e-07 0.0 0.76369390737 0.156966666667 4.81569944861   
0.000134143560349 0.0 210.8481647 -0.287633333333 417.605702147   
6.01992172834e-08 2.63417803193e-09 0.0942041359839 0.1919 417.605702147   
0.000134143560349 0.0 210.8481647 -0.5083 335.724999866   
6.01992172834e-08 5.26835606386e-09 0.0942041359839 0.495433333333 335.724999866   
0.000134143560349 5.26835606386e-09 210.8481647 -0.472633333333 188.866355219   
6.01992172834e-08 0.0 0.0942041359839 0.2771 188.866355219   
0.000134143560349 7.45058059692e-09 210.8481647 -0.6025 159.596460924   
6.01992172834e-08 5.26835606386e-09 0.0942041359839 -0.4691 159.596460924   
0.000134143560349 0.0 210.8481647 -0.2515 47.294582842   
6.01992172834e-08 5.26835606386e-09 0.0942041359839 -0.454766666667 47.294582842   
0.000134143560349 0.0 210.8481647 -0.0911 14.4531154525   
6.01992172834e-08 0.0 0.0942041359839 -0.343833333333 14.4531154525   
0.000134143560349 0.0 210.8481647 -0.0312333333333 4.81569944861   
6.01992172834e-08 3.72529029846e-09 0.0942041359839 -0.309566666667 4.81569944861   
CALCULATING MATRIX.........n23


finished process
##############################


MATRIX PERMUTATION.....n2

 
MATRIX PERMUTATION.....n3

 
finished process
##############################


MODES.....n2

 
MODES.....n3

 
finished process
##############################


MODES.....n2

 
MODES.....n3

 
finished process 




