

MEAN_L1= 2.45237250794e-05
MEAN_L2= 0.000200432072698

MEAN_L1= 2.04738311513e-05
MEAN_L2= 0.000114166301629
0.00245237250794 0.000172374304449 1516.67235195 -0.414301486667 1574.00116494   
0.00200432072698 0.184213380322 1.56442892605 -0.473468898314 1574.00116494   
0.00245237250794 0.000152118801822 1516.67235195 -0.557261826667 1260.36536802   
0.00200432072698 0.179741957217 1.56442892605 -0.369318284022 1260.36536802   
0.00245237250794 0.000128414259848 1516.67235195 -0.448215333333 709.012339742   
0.00200432072698 0.117135274505 1.56442892605 0.117610410987 709.012339742   
0.00245237250794 0.000126831742957 1516.67235195 -0.518554286667 603.889318543   
0.00200432072698 0.0812042550179 1.56442892605 0.441032855364 603.889318543   
0.00245237250794 7.18932740043e-05 1516.67235195 -0.204731626667 182.004884139   
0.00200432072698 0.0936059972078 1.56442892605 0.455869356087 182.004884139   
0.00245237250794 4.00957071773e-05 1516.67235195 -0.07378026 56.4026885909   
0.00200432072698 0.0593004826878 1.56442892605 0.317465074557 56.4026885909   
0.00245237250794 3.11622100198e-05 1516.67235195 -0.0256785 18.4833354887   
0.00200432072698 0.0407906928196 1.56442892605 0.148288205594 18.4833354887   
0.00204738311513 0.000221341839188 1067.41614539 -0.284509393333 1574.00116494   
0.00114166301629 0.232769533815 0.356809902161 0.72763480055 1574.00116494   
0.00204738311513 0.000194750309855 1067.41614539 -0.49911918 1260.36536802   
0.00114166301629 0.33723044399 0.356809902161 -0.140778687147 1260.36536802   
0.00204738311513 0.000157731309263 1067.41614539 -0.469540753333 709.012339742   
0.00114166301629 0.240265929123 0.356809902161 -0.277072696011 709.012339742   
0.00204738311513 0.000148398862085 1067.41614539 -0.609145333333 603.889318543   
0.00114166301629 0.210928636635 0.356809902161 -0.0209756304448 603.889318543   
0.00204738311513 9.17914735492e-05 1067.41614539 -0.260634073333 182.004884139   
0.00114166301629 0.247805655879 0.356809902161 0.0540878419685 182.004884139   
0.00204738311513 5.10302877522e-05 1067.41614539 -0.09676042 56.4026885909   
0.00114166301629 0.142468830518 0.356809902161 -0.0730783356259 56.4026885909   
0.00204738311513 3.32227258255e-05 1067.41614539 -0.03339204 18.4833354887   
0.00114166301629 0.112750546479 0.356809902161 -0.0266728412043 18.4833354887   
CALCULATING MATRIX.........n23


finished process
##############################


MATRIX PERMUTATION.....n2

 
MATRIX PERMUTATION.....n3

 
finished process
##############################


MODES.....n2

 
MODES.....n3

 
finished process
##############################


MODES.....n2

 
MODES.....n3

 
finished process 




