

MEAN_L1= 5.00627001263e-06
MEAN_L2= 3.13466232866e-05

MEAN_L1= 3.22045088529e-06
MEAN_L2= 4.2882230591e-05
0.000500627001263 5.88846669585e-05 901.51563141 -0.422134353333 253.621749113   
0.000313466232866 0.15350054702 0.451482651619 0.347645162797 253.621749113   
0.000500627001263 5.40635962925e-05 901.51563141 -0.564568086667 204.466338063   
0.000313466232866 0.12396052367 0.451482651619 0.36467536696 204.466338063   
0.000500627001263 4.71274757235e-05 901.51563141 -0.44811812 115.250284038   
0.000313466232866 0.0788966421439 0.451482651619 0.0612240992794 115.250284038   
0.000500627001263 4.74028615514e-05 901.51563141 -0.508468573333 97.4002859936   
0.000313466232866 0.0708957446132 0.451482651619 -0.502212303176 97.4002859936   
0.000500627001263 2.51453941047e-05 901.51563141 -0.19576744 28.7989510232   
0.000313466232866 0.0592057205304 0.451482651619 -0.475717020283 28.7989510232   
0.000500627001263 3.32916401459e-06 901.51563141 -0.0688331666667 8.78708114574   
0.000313466232866 0.0431398401538 0.451482651619 -0.351953422738 8.78708114574   
0.000500627001263 1.76321676437e-06 901.51563141 -0.02556662 3.14293206601   
0.000313466232866 0.038338526997 0.451482651619 -0.288090105418 3.14293206601   
0.000322045088529 0.000425441691342 87.7753555098 -0.28845972 253.621749113   
0.00042882230591 0.338053366194 0.104026206767 0.48389639697 253.621749113   
0.000322045088529 0.000365004899364 87.7753555098 -0.5095297 204.466338063   
0.00042882230591 0.392826387514 0.104026206767 -0.0545010051674 204.466338063   
0.000322045088529 0.000296855962547 87.7753555098 -0.47277624 115.250284038   
0.00042882230591 0.298484173437 0.104026206767 -0.118175153961 115.250284038   
0.000322045088529 0.000275770867803 87.7753555098 -0.601825806667 97.4002859936   
0.00042882230591 0.448600966935 0.104026206767 -0.149293254053 97.4002859936   
0.000322045088529 0.000167147989769 87.7753555098 -0.24951872 28.7989510232   
0.00042882230591 0.274120405418 0.104026206767 0.126319827281 28.7989510232   
0.000322045088529 8.88675128772e-05 87.7753555098 -0.0900789733333 8.78708114574   
0.00042882230591 0.245398394953 0.104026206767 0.0438716854251 8.78708114574   
0.000322045088529 5.38085160561e-05 87.7753555098 -0.03292794 3.14293206601   
0.00042882230591 0.110038245482 0.104026206767 -0.0483697317194 3.14293206601   
CALCULATING MATRIX.........n23


finished process
##############################


MATRIX PERMUTATION.....n2

 
MATRIX PERMUTATION.....n3

 
finished process
##############################


MODES.....n2

 
MODES.....n3

 
finished process
##############################


MODES.....n2

 
MODES.....n3

 
finished process 




