

MEAN_L1= 1.32628773303e-05
MEAN_L2= 9.3326763419e-05

MEAN_L1= 8.29103361947e-06
MEAN_L2= 9.01914026403e-05
0.00132628773303 4.83630056447e-05 2941.95457906 -0.42004808 647.923661994   
0.00093326763419 0.150664079728 0.884243114352 0.534899986487 647.923661994   
0.00132628773303 4.49532285309e-05 2941.95457906 -0.562270946667 519.667812381   
0.00093326763419 0.194269186186 0.884243114352 0.105076602142 519.667812381   
0.00132628773303 4.00333405943e-05 2941.95457906 -0.448330206667 291.880084297   
0.00093326763419 0.099511151716 0.884243114352 0.122448184183 291.880084297   
0.00132628773303 3.95221601073e-05 2941.95457906 -0.511618826667 246.722265817   
0.00093326763419 0.0942584491784 0.884243114352 -0.400535971758 246.722265817   
0.00132628773303 3.32825106547e-05 2941.95457906 -0.198068506667 73.2871398726   
0.00093326763419 0.0795768354945 0.884243114352 -0.530314999493 73.2871398726   
0.00132628773303 2.79781470349e-05 2941.95457906 -0.0697514533333 22.4489205735   
0.00093326763419 0.0555965736251 0.884243114352 -0.347631421236 22.4489205735   
0.00132628773303 0.0 2941.95457906 -0.0237 7.35642871977   
0.00093326763419 0.0363769657176 0.884243114352 -0.188049778724 7.35642871977   
0.000829103361947 0.000219019900742 439.752192412 -0.286733086667 647.923661994   
0.000901914026403 0.246501511065 0.392513239739 0.695483161271 647.923661994   
0.000829103361947 0.00018897948955 439.752192412 -0.506739486667 519.667812381   
0.000901914026403 0.239630537093 0.392513239739 0.0700488757476 519.667812381   
0.000829103361947 0.000155392534677 439.752192412 -0.471631266667 291.880084297   
0.000901914026403 0.207184030361 0.392513239739 0.0780074204003 291.880084297   
0.000829103361947 0.000145785490549 439.752192412 -0.60404678 246.722265817   
0.000901914026403 0.294543453646 0.392513239739 -0.311631054759 246.722265817   
0.000829103361947 8.9525581973e-05 439.752192412 -0.253417846667 73.2871398726   
0.000901914026403 0.135952622789 0.392513239739 -0.229725151181 73.2871398726   
0.000829103361947 4.84100958098e-05 439.752192412 -0.0921226866667 22.4489205735   
0.000901914026403 0.122295592041 0.392513239739 -0.232209505195 22.4489205735   
0.000829103361947 2.83762897942e-05 439.752192412 -0.0313758866667 7.35642871977   
0.000901914026403 0.0718378053334 0.392513239739 -0.122620570646 7.35642871977   
CALCULATING MATRIX.........n23


finished process
##############################


MATRIX PERMUTATION.....n2

 
MATRIX PERMUTATION.....n3

 
finished process
##############################


MODES.....n2

 
MODES.....n3

 
finished process
##############################


MODES.....n2

 
MODES.....n3

 
finished process 




