

MEAN_L1= 2.67441946328e-06
MEAN_L2= 1.96686366736e-05

MEAN_L1= 1.76902039475e-06
MEAN_L2= 3.49499945676e-05
0.000267441946328 7.61810415008e-05 362.981690835 -0.4229034 141.460756288   
0.000196686366736 0.15291365449 0.331810724258 -0.572814067554 141.460756288   
0.000267441946328 6.84479243574e-05 362.981690835 -0.56526396 114.342839481   
0.000196686366736 0.127047835341 0.331810724258 -0.199308569237 114.342839481   
0.000267441946328 5.93070619391e-05 362.981690835 -0.447782513333 64.5756624972   
0.000196686366736 0.0765855721721 0.331810724258 0.125302674136 64.5756624972   
0.000267441946328 5.88367962588e-05 362.981690835 -0.507213646667 54.566373118   
0.000196686366736 0.0555478065511 0.331810724258 0.354323286986 54.566373118   
0.000267441946328 3.54775164568e-05 362.981690835 -0.19494894 16.0872185736   
0.000196686366736 0.0737229853695 0.331810724258 0.420185625688 16.0872185736   
0.000267441946328 1.01271888722e-05 362.981690835 -0.0698330066667 4.98729810677   
0.000196686366736 0.0654166327389 0.331810724258 0.391307548931 4.98729810677   
0.000267441946328 1.63287326813e-05 362.981690835 -0.03117094 2.13837498754   
0.000196686366736 0.0583802320557 0.331810724258 0.315657487246 2.13837498754   
0.000176902039475 0.000688224155059 30.3815558214 0.291535633333 141.460756288   
0.000349499945676 0.0730448897551 0.157100749352 0.887610527196 141.460756288   
0.000176902039475 0.000598579817047 30.3815558214 0.51117444 114.342839481   
0.000349499945676 0.13138851538 0.157100749352 -0.305657082205 114.342839481   
0.000176902039475 0.000477630681312 30.3815558214 0.474034506667 64.5756624972   
0.000349499945676 0.135070611075 0.157100749352 -0.0578332129843 64.5756624972   
0.000176902039475 0.000447838637044 30.3815558214 0.598344553333 54.566373118   
0.000349499945676 0.13227267868 0.157100749352 -0.171709500886 54.566373118   
0.000176902039475 0.000267479176752 30.3815558214 0.247604966667 16.0872185736   
0.000349499945676 0.0825645488553 0.157100749352 0.0758123257447 16.0872185736   
0.000176902039475 0.000142987299369 30.3815558214 0.0902954333333 4.98729810677   
0.000349499945676 0.0576159442862 0.157100749352 0.0755738474911 4.98729810677   
0.000176902039475 0.000101392086258 30.3815558214 0.0389883533333 2.13837498754   
0.000349499945676 0.0568135443971 0.157100749352 0.0522540534216 2.13837498754   
CALCULATING MATRIX.........n23


finished process
##############################


MATRIX PERMUTATION.....n2

 
MATRIX PERMUTATION.....n3

 
finished process
##############################


MODES.....n2

 
MODES.....n3

 
finished process
##############################


MODES.....n2

 
MODES.....n3

 
finished process 




