

MEAN_L1= 2.41504423563e-05
MEAN_L2= 0.000225891385752

MEAN_L1= 1.86185058813e-05
MEAN_L2= 0.000217511322735
0.00241504423563 0.000104428961069 2440.27397514 -0.415846546667 1428.59389455   
0.00225891385752 0.124382342262 2.04232207422 -0.625475942609 1428.59389455   
0.00241504423563 9.26187310919e-05 2440.27397514 -0.558829806667 1143.50237583   
0.00225891385752 0.148904250708 2.04232207422 -0.250257644311 1143.50237583   
0.00241504423563 7.88929131291e-05 2440.27397514 -0.448186373333 642.646283792   
0.00225891385752 0.0882440270201 2.04232207422 0.238499319319 642.646283792   
0.00241504423563 7.72847565317e-05 2440.27397514 -0.516752573333 546.257844794   
0.00225891385752 0.100370321684 2.04232207422 0.337748862196 546.257844794   
0.00241504423563 4.57911315141e-05 2440.27397514 -0.202569173333 164.102440324   
0.00225891385752 0.0558309458765 2.04232207422 0.472705752419 164.102440324   
0.00241504423563 3.15453818063e-05 2440.27397514 -0.072278 50.7309328094   
0.00225891385752 0.0468400827976 2.04232207422 0.269970316984 50.7309328094   
0.00241504423563 3.33328826637e-05 2440.27397514 -0.0248664933333 16.6133515691   
0.00225891385752 0.0282039830013 2.04232207422 0.1313337671 16.6133515691   
0.00186185058813 0.000194421012968 1100.24342853 -0.283997246667 1428.59389455   
0.00217511322735 0.182656833806 0.305436299622 0.817956599897 1428.59389455   
0.00186185058813 0.000171929688259 1100.24342853 -0.5006714 1143.50237583   
0.00217511322735 0.201500705319 0.305436299622 0.0330245285788 1143.50237583   
0.00186185058813 0.000139362911503 1100.24342853 -0.470068073333 642.646283792   
0.00217511322735 0.240451127471 0.305436299622 -0.0673201408761 642.646283792   
0.00186185058813 0.000130411745239 1100.24342853 -0.608389506667 546.257844794   
0.00217511322735 0.203984472342 0.305436299622 -0.235931770489 546.257844794   
0.00186185058813 8.17243038428e-05 1100.24342853 -0.25944098 164.102440324   
0.00217511322735 0.115045149003 0.305436299622 -0.252031110133 164.102440324   
0.00186185058813 4.48620602062e-05 1100.24342853 -0.0958038666667 50.7309328094   
0.00217511322735 0.0634921837474 0.305436299622 -0.0518935358427 50.7309328094   
0.00186185058813 3.18360459538e-05 1100.24342853 -0.0329228866667 16.6133515691   
0.00217511322735 0.0537600753193 0.305436299622 -0.099491855602 16.6133515691   
CALCULATING MATRIX.........n23


finished process
##############################


MATRIX PERMUTATION.....n2

 
MATRIX PERMUTATION.....n3

 
finished process
##############################


MODES.....n2

 
MODES.....n3

 
finished process
##############################


MODES.....n2

 
MODES.....n3

 
finished process 




