

MEAN_L1= 8.52971581296e-06
MEAN_L2= 6.98639610762e-05

MEAN_L1= 5.28772001444e-06
MEAN_L2= 8.16648841006e-05
0.000852971581296 5.12139846621e-05 1798.9076385 -0.421282506667 417.613113582   
0.000698639610762 0.0664138861366 0.824069998468 -0.559192153333 417.613113582   
0.000852971581296 4.793398413e-05 1798.9076385 -0.563469666667 335.740887284   
0.000698639610762 0.061988966544 0.824069998468 -0.30891132 335.740887284   
0.000852971581296 4.22425258698e-05 1798.9076385 -0.448113013333 188.873123564   
0.000698639610762 0.0824328904018 0.824069998468 0.0869683 188.873123564   
0.000852971581296 4.18528975728e-05 1798.9076385 -0.509991706667 159.606911304   
0.000698639610762 0.0490563656989 0.824069998468 0.512721653333 159.606911304   
0.000852971581296 3.11968482396e-05 1798.9076385 -0.1968547 47.2969778031   
0.000698639610762 0.0487433382095 0.824069998468 0.435765866667 47.2969778031   
0.000852971581296 1.28106622006e-05 1798.9076385 -0.06929744 14.4555346102   
0.000698639610762 0.0340676789798 0.824069998468 0.272410626667 14.4555346102   
0.000852971581296 1.23359907047e-05 1798.9076385 -0.0239643 4.81619522023   
0.000698639610762 0.0236693642644 0.824069998468 0.18915368 4.81619522023   
0.000528772001444 0.000289822865459 210.770451355 -0.2876098 417.613113582   
0.000816648841006 0.424837978435 0.295023187921 -0.376173767377 417.613113582   
0.000528772001444 0.000254669204662 210.770451355 -0.508073693333 335.740887284   
0.000816648841006 0.382721218823 0.295023187921 0.56333783045 335.740887284   
0.000528772001444 0.000204834892717 210.770451355 -0.472570666667 188.873123564   
0.000816648841006 0.256546109985 0.295023187921 -0.0491464513118 188.873123564   
0.000528772001444 0.000191519880984 210.770451355 -0.602535473333 159.606911304   
0.000816648841006 0.23194859243 0.295023187921 -0.191518755209 159.606911304   
0.000528772001444 0.000117850399326 210.770451355 -0.25201084 47.2969778031   
0.000816648841006 0.105604122768 0.295023187921 -0.103975267527 47.2969778031   
0.000528772001444 6.23038258206e-05 210.770451355 -0.09099538 14.4555346102   
0.000816648841006 0.0996644535182 0.295023187921 -0.123186441978 14.4555346102   
0.000528772001444 3.77943346691e-05 210.770451355 -0.03130096 4.81619522023   
0.000816648841006 0.0661783172536 0.295023187921 -0.063400750075 4.81619522023   
CALCULATING MATRIX.........n23


finished process
##############################


MATRIX PERMUTATION.....n2

 
MATRIX PERMUTATION.....n3

 
finished process
##############################


MODES.....n2

 
MODES.....n3

 
finished process
##############################


MODES.....n2

 
MODES.....n3

 
finished process 




