

MEAN_L1= 2.3360930061e-05
MEAN_L2= 0.00027025612686

MEAN_L1= 2.05597050336e-05
MEAN_L2= 0.00031796067284
0.0023360930061 0.00330700945655 78.4634654653 -0.3850999 1719.07245715   
0.0027025612686 0.0752939547952 2.51166390328 0.631412173333 1719.07245715   
0.0023360930061 0.00283160475992 78.4634654653 -0.54764778 1382.801998   
0.0027025612686 0.0755989600422 2.51166390328 0.3892747 1382.801998   
0.0023360930061 0.00236559101672 78.4634654653 -0.44790422 782.975861669   
0.0027025612686 0.0751453052635 2.51166390328 -0.20775898 782.975861669   
0.0023360930061 0.00228634631756 78.4634654653 -0.530868026667 673.663357535   
0.0027025612686 0.0536731628578 2.51166390328 -0.5163078 673.663357535   
0.0023360930061 0.00134057186202 78.4634654653 -0.235611793333 205.859534737   
0.0027025612686 0.0532067234153 2.51166390328 -0.300535706667 205.859534737   
0.0023360930061 0.000724450499994 78.4634654653 -0.106996746667 64.4230324519   
0.0027025612686 0.0289327558128 2.51166390328 -0.12942428 64.4230324519   
0.0023360930061 0.000396876336744 78.4634654653 -0.0484528 21.1792641335   
0.0027025612686 0.0176277186159 2.51166390328 -0.09531002 21.1792641335   
0.00205597050336 0.000908945012685 270.166541626 0.28473078 1719.07245715   
0.0031796067284 0.273289198384 0.815022470726 -0.531959651229 1719.07245715   
0.00205597050336 0.000784554967124 270.166541626 0.49573488 1382.801998   
0.0031796067284 0.337288031881 0.815022470726 -0.258396875729 1382.801998   
0.00205597050336 0.000618408451782 270.166541626 0.467615673333 782.975861669   
0.0031796067284 0.133051498763 0.815022470726 0.132056960421 782.975861669   
0.00205597050336 0.000578245537313 270.166541626 0.6116889 673.663357535   
0.0031796067284 0.123184113311 0.815022470726 0.13333052249 673.663357535   
0.00205597050336 0.000365046578342 270.166541626 0.264112133333 205.859534737   
0.0031796067284 0.23368631894 0.815022470726 0.372985045514 205.859534737   
0.00205597050336 0.000193130780789 270.166541626 0.0974048133333 64.4230324519   
0.0031796067284 0.218913285145 0.815022470726 0.319506942083 64.4230324519   
0.00205597050336 0.00010349165828 270.166541626 0.0331891 21.1792641335   
0.0031796067284 0.102293038541 0.815022470726 0.198766746691 21.1792641335   
CALCULATING MATRIX.........n23


finished process
##############################


MATRIX PERMUTATION.....n2

 
MATRIX PERMUTATION.....n3

 
finished process
##############################


MODES.....n2

 
MODES.....n3

 
finished process
##############################


MODES.....n2

 
MODES.....n3

 
finished process 




