

MEAN_L1= 1.87900233956e-05
MEAN_L2= 0.000109863414782

MEAN_L1= 1.2528945955e-05
MEAN_L2= 0.00019514134465
0.00187900233956 5.40871625741e-05 3750.99210402 -0.418322966667 969.953260866   
0.00109863414782 0.139753694551 1.10683198172 -0.333215674305 969.953260866   
0.00187900233956 4.93246729616e-05 3750.99210402 -0.560923766667 776.590324282   
0.00109863414782 0.117618609 1.10683198172 -0.310772097135 776.590324282   
0.00187900233956 4.37335756736e-05 3750.99210402 -0.448419213333 435.860470661   
0.00109863414782 0.109590246629 1.10683198172 -0.165525451149 435.860470661   
0.00187900233956 4.32394379147e-05 3750.99210402 -0.513618466667 368.878921321   
0.00109863414782 0.0932192621441 1.10683198172 0.499549167751 368.878921321   
0.00187900233956 2.6323360316e-05 3750.99210402 -0.19982236 109.946073257   
0.00109863414782 0.0778958264162 1.10683198172 0.488308572668 109.946073257   
0.00187900233956 9.07812755039e-06 3750.99210402 -0.0705679266667 33.7756739863   
0.00109863414782 0.0596753004911 1.10683198172 0.402672941059 33.7756739863   
0.00187900233956 0.0 3750.99210402 -0.0240333333333 11.0482574342   
0.00109863414782 0.035752485883 1.10683198172 0.223332569465 11.0482574342   
0.0012528945955 0.000175001551196 808.157182354 -0.285694813333 969.953260866   
0.0019514134465 0.128631530489 0.807358331444 0.678596939967 969.953260866   
0.0012528945955 0.000156540890079 808.157182354 -0.504275246667 776.590324282   
0.0019514134465 0.124947759747 0.807358331444 -0.584007578336 776.590324282   
0.0012528945955 0.000128172327073 808.157182354 -0.471368513333 435.860470661   
0.0019514134465 0.124952329866 0.807358331444 0.327242216438 435.860470661   
0.0012528945955 0.000120485116113 808.157182354 -0.605668493333 368.878921321   
0.0019514134465 0.137036059061 0.807358331444 -0.0824314712851 368.878921321   
0.0012528945955 7.46756158946e-05 808.157182354 -0.255559486667 109.946073257   
0.0019514134465 0.0835050788876 0.807358331444 -0.032592595188 109.946073257   
0.0012528945955 4.16300553511e-05 808.157182354 -0.0934469733333 33.7756739863   
0.0019514134465 0.0502156612388 0.807358331444 0.0652564454233 33.7756739863   
0.0012528945955 3.11167864638e-05 808.157182354 -0.03192116 11.0482574342   
0.0019514134465 0.0328132149846 0.807358331444 -0.0460104748557 11.0482574342   
CALCULATING MATRIX.........n23


finished process
##############################


MATRIX PERMUTATION.....n2

 
MATRIX PERMUTATION.....n3

 
finished process
##############################


MODES.....n2

 
MODES.....n3

 
finished process
##############################


MODES.....n2

 
MODES.....n3

 
finished process 




