

RMS_L1= 0.000666880568822
RMS_L2= 0.00691783541876

RMS_L1= 0.000565397771959
RMS_L2= 0.00726290358678
0.0666880568822 5.08334866812e-05 1463.53851067 -0.416566033333 1150.42120861   
0.0691783541876 0.293944699956 0.30152372129 -0.46537438325 1150.42120861   
0.0666880568822 4.68089982331e-05 1463.53851067 -0.55859492 956.089848863   
0.0691783541876 0.320249979871 0.30152372129 -0.267883962808 956.089848863   
0.0666880568822 4.14880976166e-05 1463.53851067 -0.448376933333 553.31892422   
0.0691783541876 0.264308835772 0.30152372129 0.512723808069 553.31892422   
0.0666880568822 4.08002045371e-05 1463.53851067 -0.516736766667 473.546863273   
0.0691783541876 0.251023445775 0.30152372129 0.232788744104 473.546863273   
0.0666880568822 2.24891085489e-05 1463.53851067 -0.201840133333 137.221718632   
0.0691783541876 0.138122262514 0.30152372129 0.0361041738776 137.221718632   
0.0666880568822 1.44467820458e-05 1463.53851067 -0.07123004 38.9420305244   
0.0691783541876 0.116872369253 0.30152372129 -0.167783871187 38.9420305244   
0.0666880568822 3.3206360836e-05 1463.53851067 -0.0239304266667 11.0036753239   
0.0691783541876 0.0581989111432 0.30152372129 -0.0846968848621 11.0036753239   
0.0565397771959 6.13896899927e-05 1078.97231855 -0.28338752 1150.42120861   
0.0726290358678 0.160006583506 0.517327861286 -0.467942995266 1150.42120861   
0.0565397771959 5.57127067017e-05 1078.97231855 -0.49939326 956.089848863   
0.0726290358678 0.168521772764 0.517327861286 -0.620859825298 956.089848863   
0.0565397771959 4.61556579599e-05 1078.97231855 -0.46866114 553.31892422   
0.0726290358678 0.101139290174 0.517327861286 0.376085090351 553.31892422   
0.0565397771959 4.40411936373e-05 1078.97231855 -0.60958634 473.546863273   
0.0726290358678 0.0951686492429 0.517327861286 0.407512775889 473.546863273   
0.0565397771959 2.85243320425e-05 1078.97231855 -0.261573106667 137.221718632   
0.0726290358678 0.0709374780545 0.517327861286 0.0559900113356 137.221718632   
0.0565397771959 2.70871876035e-05 1078.97231855 -0.0974194266667 38.9420305244   
0.0726290358678 0.038538649142 0.517327861286 0.0505395545776 38.9420305244   
0.0565397771959 0.0 1078.97231855 -0.0339 11.0036753239   
0.0726290358678 0.0201264121668 0.517327861286 -0.0464392411816 11.0036753239   
CALCULATING MATRIX.........n23


finished process
##############################


MATRIX PERMUTATION.....n2

 
MATRIX PERMUTATION.....n3

 
finished process
##############################


MODES.....n2

 
MODES.....n3

 
finished process
##############################


MODES.....n2

 
MODES.....n3

 
finished process 




