

RMS_L1= 0.000158006685722
RMS_L2= 0.000771341978693

RMS_L1= 9.98056517066e-05
RMS_L2= 0.000961676435395
0.0158006685722 1.6960586015e-05 893.768418921 -0.42343136 214.581236417   
0.00771341978693 0.334073858363 0.271569808803 -0.246559153333 214.581236417   
0.0158006685722 2.70885159666e-05 893.768418921 -0.565352826667 175.863836717   
0.00771341978693 0.409079416421 0.271569808803 -0.22879566 175.863836717   
0.0158006685722 1.86101417363e-05 893.768418921 -0.44816102 100.161277267   
0.00771341978693 0.303682506861 0.271569808803 0.00970591333333 100.161277267   
0.0158006685722 3.01480127926e-05 893.768418921 -0.50721422 84.1169673   
0.00771341978693 0.206320566798 0.271569808803 0.289577493333 84.1169673   
0.0158006685722 2.59565716055e-05 893.768418921 -0.194045753333 23.8396326253   
0.00771341978693 0.225849471311 0.271569808803 0.29880654 23.8396326253   
0.0158006685722 9.31322574615e-10 893.768418921 -0.0675666666667 6.68388531419   
0.00771341978693 0.167597424199 0.271569808803 0.228247593333 6.68388531419   
0.0158006685722 6.36495963325e-06 893.768418921 -0.0276339466667 2.31029556783   
0.00771341978693 0.245384439453 0.271569808803 0.3293571 2.31029556783   
0.00998056517066 0.00013020400257 89.3472373855 -0.286577713333 214.581236417   
0.00961676435395 0.0725231103367 0.0600102827316 -0.627287073333 214.581236417   
0.00998056517066 0.000114499855511 89.3472373855 -0.50873326 175.863836717   
0.00961676435395 0.0503243471052 0.0600102827316 0.65222862 175.863836717   
0.00998056517066 9.3761966434e-05 89.3472373855 -0.47271598 100.161277267   
0.00961676435395 0.0752294932047 0.0600102827316 -0.37191928 100.161277267   
0.00998056517066 8.74192052061e-05 89.3472373855 -0.601822893333 84.1169673   
0.00961676435395 0.061694758025 0.0600102827316 -0.00334986 84.1169673   
0.00998056517066 5.41401882283e-05 89.3472373855 -0.251861133333 23.8396326253   
0.00961676435395 0.0503168047303 0.0600102827316 0.130356713333 23.8396326253   
0.00998056517066 3.42627176634e-05 89.3472373855 -0.0919954466667 6.68388531419   
0.00961676435395 0.0248017493122 0.0600102827316 -0.0713368533333 6.68388531419   
0.00998056517066 2.8664235554e-05 89.3472373855 -0.0389162933333 2.31029556783   
0.00961676435395 0.0114139481968 0.0600102827316 -0.0125216 2.31029556783   
CALCULATING MATRIX.........n23


finished process
##############################


MATRIX PERMUTATION.....n2

 
MATRIX PERMUTATION.....n3

 
finished process
##############################


MODES.....n2

 
MODES.....n3

 
finished process
##############################


MODES.....n2

 
MODES.....n3

 
finished process 




