

RMS_L1= 0.000263022810242
RMS_L2= 0.0017437202332

RMS_L1= 0.000158853585516
RMS_L2= 0.00258633668537
0.0263022810242 3.28952115274e-05 1784.87233725 0.422527946667 341.208110489   
0.017437202332 0.0757469288643 0.321165224548 0.403098813333 341.208110489   
0.0263022810242 8.39584899099e-06 1784.87233725 0.564632913333 280.135647721   
0.017437202332 0.0623542036331 0.321165224548 0.340605286667 280.135647721   
0.0263022810242 3.14961938012e-05 1784.87233725 0.448189086667 159.835773308   
0.017437202332 0.0519384564447 0.321165224548 0.0816271933333 159.835773308   
0.0263022810242 1.53281151522e-05 1784.87233725 0.508503733333 134.460344169   
0.017437202332 0.0494592003258 0.321165224548 -0.52105818 134.460344169   
0.0263022810242 4.04766548381e-06 1784.87233725 0.194966913333 38.1533181468   
0.017437202332 0.0434345423573 0.321165224548 -0.59323814 38.1533181468   
0.0263022810242 2.65812891742e-05 1784.87233725 0.06771322 10.6523013252   
0.017437202332 0.0291301758065 0.321165224548 -0.217754513333 10.6523013252   
0.0263022810242 3.29272253991e-10 1784.87233725 0.0242333333333 3.21018189603   
0.017437202332 0.0376766259164 0.321165224548 -0.158308 3.21018189603   
0.0158853585516 8.91926689731e-05 213.414272947 -0.2862783 341.208110489   
0.0258633668537 0.205946381959 0.114747887434 -0.720788079851 341.208110489   
0.0158853585516 7.84203257391e-05 213.414272947 -0.507244726667 280.135647721   
0.0258633668537 0.27154944178 0.114747887434 0.379446510125 280.135647721   
0.0158853585516 6.49341463417e-05 213.414272947 -0.472620033333 159.835773308   
0.0258633668537 0.19711412195 0.114747887434 0.0653318325434 159.835773308   
0.0158853585516 6.05170261571e-05 213.414272947 -0.603243306667 134.460344169   
0.0258633668537 0.231791428132 0.114747887434 -0.124043982479 134.460344169   
0.0158853585516 3.9168638647e-05 213.414272947 -0.252683133333 38.1533181468   
0.0258633668537 0.214208535084 0.114747887434 0.195579829097 38.1533181468   
0.0158853585516 3.29787264777e-05 213.414272947 -0.0920617266667 10.6523013252   
0.0258633668537 0.117258922292 0.114747887434 0.0894789673991 10.6523013252   
0.0158853585516 2.94222138254e-05 213.414272947 -0.0339176666667 3.21018189603   
0.0258633668537 0.0466723767868 0.114747887434 0.00493963808703 3.21018189603   
CALCULATING MATRIX.........n23


finished process
##############################


MATRIX PERMUTATION.....n2

 
MATRIX PERMUTATION.....n3

 
finished process
##############################


MODES.....n2

 
MODES.....n3

 
finished process
##############################


MODES.....n2

 
MODES.....n3

 
finished process 




