

RMS_L1= 7.09670832927e-06
RMS_L2= 2.70644968128e-08

RMS_L1= 4.0196693659e-06
RMS_L2= 2.46976141002e-08
0.000709670832927 5.26835606386e-09 2391.84303226 -0.417966666667 1054.67085589   
2.70644968128e-07 0.0 0.471015641098 -0.3601 1054.67085589   
0.000709670832927 0.0 2391.84303226 -0.559833333333 874.685519826   
2.70644968128e-07 0.0 0.471015641098 -0.575833333333 874.685519826   
0.000709670832927 5.26835606386e-09 2391.84303226 -0.4483 504.930114499   
2.70644968128e-07 0.0 0.471015641098 0.661366666667 504.930114499   
0.000709670832927 0.0 2391.84303226 -0.515033333333 430.703624579   
2.70644968128e-07 0.0 0.471015641098 0.3031 430.703624579   
0.000709670832927 2.63417803193e-09 2391.84303226 -0.200366666667 124.244327028   
2.70644968128e-07 0.0 0.471015641098 0.0966333333333 124.244327028   
0.000709670832927 0.0 2391.84303226 -0.0704333333333 35.1179564846   
2.70644968128e-07 0.0 0.471015641098 0.0117 35.1179564846   
0.000709670832927 0.0 2391.84303226 -0.0235666666667 9.88933938496   
2.70644968128e-07 2.91038304567e-11 0.471015641098 0.0019 9.88933938496   
0.00040196693659 0.0 1110.57934808 -0.284166666667 1054.67085589   
2.46976141002e-07 0.0 0.367304522623 -0.156966666667 1054.67085589   
0.00040196693659 0.0 1110.57934808 -0.500766666667 874.685519826   
2.46976141002e-07 0.0 0.367304522623 -0.742766666667 874.685519826   
0.00040196693659 5.26835606386e-09 1110.57934808 -0.469766666667 504.930114499   
2.46976141002e-07 0.0 0.367304522623 0.587433333333 504.930114499   
0.00040196693659 7.45058059692e-09 1110.57934808 -0.608166666667 430.703624579   
2.46976141002e-07 2.63417803193e-09 0.367304522623 0.2467 430.703624579   
0.00040196693659 0.0 1110.57934808 -0.259766666667 124.244327028   
2.46976141002e-07 0.0 0.367304522623 -0.0499666666667 124.244327028   
0.00040196693659 0.0 1110.57934808 -0.0962333333333 35.1179564846   
2.46976141002e-07 0.0 0.367304522623 0.0713 35.1179564846   
0.00040196693659 0.0 1110.57934808 -0.0333 9.88933938496   
2.46976141002e-07 0.0 0.367304522623 -0.1007 9.88933938496   
CALCULATING MATRIX.........n23


finished process
##############################


MATRIX PERMUTATION.....n2

 
MATRIX PERMUTATION.....n3

 
finished process
##############################


MODES.....n2

 
MODES.....n3

 
finished process
##############################


MODES.....n2

 
MODES.....n3

 
finished process 




