

RMS_L1= 0.000640537807541
RMS_L2= 0.00799244454547

RMS_L1= 0.000547023844533
RMS_L2= 0.00633803976326
0.0640537807541 0.00407947920642 16.9333789618 -0.4183836 1237.15250832   
0.0799244454547 0.160745673392 0.429453939417 -0.71281320654 1237.15250832   
0.0640537807541 0.00345809489811 16.9333789618 -0.56596632 1037.054025   
0.0799244454547 0.197187029846 0.429453939417 -0.0863623023023 1037.054025   
0.0640537807541 0.00293340108945 16.9333789618 -0.4368354 606.443480988   
0.0799244454547 0.128291961019 0.429453939417 0.0391454387721 606.443480988   
0.0640537807541 0.00287396892988 16.9333789618 -0.517975606667 526.418639434   
0.0799244454547 0.171202932249 0.429453939417 0.549070357024 526.418639434   
0.0640537807541 0.00158933998095 16.9333789618 -0.200347793333 155.603562721   
0.0799244454547 0.118260358185 0.429453939417 0.1846930664 155.603562721   
0.0640537807541 0.000830659058283 16.9333789618 -0.0684774666667 45.0002061377   
0.0799244454547 0.0582270595461 0.429453939417 0.135289082416 45.0002061377   
0.0640537807541 0.000424882433464 16.9333789618 -0.0252110466667 12.9451621768   
0.0799244454547 0.0278933324093 0.429453939417 -0.0192049449449 12.9451621768   
0.0547023844533 0.000220601862768 284.832478629 -0.280092686667 1237.15250832   
0.0633803976326 0.0910231529353 0.300147919168 -0.79086728 1237.15250832   
0.0547023844533 0.000197252675084 284.832478629 -0.4927446 1037.054025   
0.0633803976326 0.126081772605 0.300147919168 0.113006986667 1037.054025   
0.0547023844533 0.000159433438999 284.832478629 -0.466160026667 606.443480988   
0.0633803976326 0.120061621825 0.300147919168 -0.278451866667 606.443480988   
0.0547023844533 0.000147767080412 284.832478629 -0.6142317 526.418639434   
0.0633803976326 0.123963508801 0.300147919168 0.399874753333 526.418639434   
0.0547023844533 9.42162797459e-05 284.832478629 -0.269137186667 155.603562721   
0.0633803976326 0.0767933907583 0.300147919168 0.223648486667 155.603562721   
0.0547023844533 5.0698663592e-05 284.832478629 -0.102110213333 45.0002061377   
0.0633803976326 0.0672297231904 0.300147919168 -0.0973451733333 45.0002061377   
0.0547023844533 2.7187304227e-05 284.832478629 -0.0361037066667 12.9451621768   
0.0633803976326 0.0201303347805 0.300147919168 -0.00658161333333 12.9451621768   
CALCULATING MATRIX.........n23


finished process
##############################


MATRIX PERMUTATION.....n2

 
MATRIX PERMUTATION.....n3

 
finished process
##############################


MODES.....n2

 
MODES.....n3

 
finished process
##############################


MODES.....n2

 
MODES.....n3

 
finished process 




