

RMS_L1= 8.44356124381e-05
RMS_L2= 8.08781161741e-05

RMS_L1= 5.5808840781e-05
RMS_L2= 0.000926513617881
0.00844356124381 2.69170772535e-05 359.473271392 -0.423962906667 123.821276979   
0.000808781161741 0.100181040548 0.259517383958 0.107210073333 123.821276979   
0.00844356124381 2.44748862261e-05 359.473271392 -0.565761713333 101.319474706   
0.000808781161741 0.0878083674985 0.259517383958 0.15221162 101.319474706   
0.00844356124381 3.16298343365e-05 359.473271392 -0.447810893333 57.6188900327   
0.000808781161741 0.0218284040455 0.259517383958 0.0556724733333 57.6188900327   
0.00844356124381 2.3378431987e-05 359.473271392 -0.506042006667 48.3263291678   
0.000808781161741 0.0251655708221 0.259517383958 -0.111835613333 48.3263291678   
0.00844356124381 3.22765819204e-05 359.473271392 -0.193325006667 13.6880139542   
0.000808781161741 0.0288582906363 0.259517383958 -0.199585386667 13.6880139542   
0.00844356124381 6.66633126504e-07 359.473271392 -0.0697666733333 3.9833870986   
0.000808781161741 0.0622118484059 0.259517383958 -0.454888446667 3.9833870986   
0.00844356124381 2.95173553438e-05 359.473271392 -0.0362154866667 1.74808143052   
0.000808781161741 0.109359099497 0.259517383958 -0.816978713333 1.74808143052   
0.0055808840781 0.000209663560215 31.2028591293 0.287614646667 123.821276979   
0.00926513617881 0.217439067913 0.0889175448992 0.784785799073 123.821276979   
0.0055808840781 0.000182324004505 31.2028591293 0.50852786 101.319474706   
0.00926513617881 0.146981624048 0.0889175448992 0.0671393918175 101.319474706   
0.0055808840781 0.00014890084294 31.2028591293 0.472397486667 57.6188900327   
0.00926513617881 0.233877433822 0.0889175448992 -0.00215055516655 57.6188900327   
0.0055808840781 0.000138312285018 31.2028591293 0.600944973333 48.3263291678   
0.00926513617881 0.270194975265 0.0889175448992 -0.31843805475 48.3263291678   
0.0055808840781 8.30522405096e-05 31.2028591293 0.250642406667 13.6880139542   
0.00926513617881 0.130825347432 0.0889175448992 -0.2257932213 13.6880139542   
0.0055808840781 4.58810132555e-05 31.2028591293 0.09483848 3.9833870986   
0.00926513617881 0.0438715494738 0.0889175448992 -0.0968322996899 3.9833870986   
0.0055808840781 3.83634542478e-05 31.2028591293 0.0506619266667 1.74808143052   
0.00926513617881 0.0326670436168 0.0889175448992 -0.0337973425361 1.74808143052   
CALCULATING MATRIX.........n23


finished process
##############################


MATRIX PERMUTATION.....n2

 
MATRIX PERMUTATION.....n3

 
finished process
##############################


MODES.....n2

 
MODES.....n3

 
finished process
##############################


MODES.....n2

 
MODES.....n3

 
finished process 




