

RMS_L1= 0.000697693833095
RMS_L2= 0.00723333018654

RMS_L1= 0.00053314745835
RMS_L2= 0.00904873437569
0.0697693833095 3.62158452857e-05 2391.84298136 -0.417934813333 1054.67085589   
0.0723333018654 0.250956429283 0.473865744406 -0.32653123515 1054.67085589   
0.0697693833095 3.00605619898e-05 2391.84298136 -0.55983754 874.685519826   
0.0723333018654 0.242295089445 0.473865744406 -0.509644189004 874.685519826   
0.0697693833095 3.3617731348e-05 2391.84298136 -0.448328853333 504.930114499   
0.0723333018654 0.211808553062 0.473865744406 0.588658324131 504.930114499   
0.0697693833095 2.88721870747e-05 2391.84298136 -0.515019486667 430.703624579   
0.0723333018654 0.171064411384 0.473865744406 0.271959853428 430.703624579   
0.0697693833095 2.53936815781e-05 2391.84298136 -0.200378406667 124.244327028   
0.0723333018654 0.0868697875185 0.473865744406 0.0847433356758 124.244327028   
0.0697693833095 1.18391516226e-05 2391.84298136 -0.07043116 35.1179564846   
0.0723333018654 0.0465474342964 0.473865744406 0.0111370310879 35.1179564846   
0.0697693833095 1.08249896093e-05 2391.84298136 -0.0235684733333 9.88933938496   
0.0723333018654 0.0180347065033 0.473865744406 0.00189765083827 9.88933938496   
0.053314745835 5.60725815108e-05 1110.57960777 -0.284171173333 1054.67085589   
0.0904873437569 0.527954545121 0.370468166553 -0.151325286895 1054.67085589   
0.053314745835 5.15037759959e-05 1110.57960777 -0.500782166667 874.685519826   
0.0904873437569 0.362255868126 0.370468166553 -0.496588233129 874.685519826   
0.053314745835 4.37500760362e-05 1110.57960777 -0.469786413333 504.930114499   
0.0904873437569 0.278801526033 0.370468166553 0.392339097996 504.930114499   
0.053314745835 4.14388138205e-05 1110.57960777 -0.60819556 430.703624579   
0.0904873437569 0.146816490121 0.370468166553 0.179012616682 430.703624579   
0.053314745835 2.98953163101e-05 1110.57960777 -0.259781826667 124.244327028   
0.0904873437569 0.150699790559 0.370468166553 -0.0158275920907 124.244327028   
0.053314745835 1.78781058527e-05 1110.57960777 -0.0962385333333 35.1179564846   
0.0904873437569 0.0535128802675 0.370468166553 0.0480933754893 35.1179564846   
0.053314745835 2.43846208335e-05 1110.57960777 -0.0333106066667 9.88933938496   
0.0904873437569 0.0588007538643 0.370468166553 -0.0606544782361 9.88933938496   
CALCULATING MATRIX.........n23


finished process
##############################


MATRIX PERMUTATION.....n2

 
MATRIX PERMUTATION.....n3

 
finished process
##############################


MODES.....n2

 
MODES.....n3

 
finished process
##############################


MODES.....n2

 
MODES.....n3

 
finished process 




