

RMS_L1= 0.000404790796156
RMS_L2= 0.0036157503435

RMS_L1= 0.00024750257271
RMS_L2= 0.00242651122467
0.0404790796156 3.10335839906e-05 2918.87487766 -0.421321166667 511.967811497   
0.036157503435 0.0715494320109 0.529042113723 0.47645732 511.967811497   
0.0404790796156 3.20784589694e-05 2918.87487766 -0.563542393333 421.227069301   
0.036157503435 0.0632784519987 0.529042113723 0.436069606667 421.227069301   
0.0404790796156 3.58831904556e-06 2918.87487766 -0.448366553333 240.886674799   
0.036157503435 0.0592126302662 0.529042113723 -0.0942464 240.886674799   
0.0404790796156 3.19902588485e-05 2918.87487766 -0.510076033333 203.125104011   
0.036157503435 0.0308524326263 0.529042113723 -0.62668256 203.125104011   
0.0404790796156 0.0 2918.87487766 -0.196233333333 57.7601286096   
0.036157503435 0.0447554203894 0.529042113723 -0.366968153333 57.7601286096   
0.0404790796156 9.31322574615e-10 2918.87487766 -0.0683 16.1363083935   
0.036157503435 0.0215872090239 0.529042113723 -0.163964933333 16.1363083935   
0.0404790796156 0.0 2918.87487766 -0.0231 4.59416712293   
0.036157503435 0.0109865673788 0.529042113723 -0.0591289733333 4.59416712293   
0.024750257271 6.6248689732e-05 443.670551499 -0.285560666667 511.967811497   
0.0242651122467 0.10265145104 0.151668537924 0.884937069656 511.967811497   
0.024750257271 5.91569207099e-05 443.670551499 -0.506427406667 421.227069301   
0.0242651122467 0.121600463305 0.151668537924 -0.236087670136 421.227069301   
0.024750257271 4.94827268796e-05 443.670551499 -0.472073746667 240.886674799   
0.0242651122467 0.136233619281 0.151668537924 0.116435314919 240.886674799   
0.024750257271 4.68431091124e-05 443.670551499 -0.604034246667 203.125104011   
0.0242651122467 0.0985586439382 0.151668537924 -0.291338130504 203.125104011   
0.024750257271 3.38704432607e-05 443.670551499 -0.254209586667 57.7601286096   
0.0242651122467 0.0732133472913 0.151668537924 -0.0412332465973 57.7601286096   
0.024750257271 7.13909716171e-06 443.670551499 -0.0927662866667 16.1363083935   
0.0242651122467 0.0348639028683 0.151668537924 -0.0102779823859 16.1363083935   
0.024750257271 0.0 443.670551499 -0.0323666666667 4.59416712293   
0.0242651122467 0.0165489315387 0.151668537924 -0.0214604483587 4.59416712293   
CALCULATING MATRIX.........n23


finished process
##############################


MATRIX PERMUTATION.....n2

 
MATRIX PERMUTATION.....n3

 
finished process
##############################


MODES.....n2

 
MODES.....n3

 
finished process
##############################


MODES.....n2

 
MODES.....n3

 
finished process 




