

RMS_L1= 8.01100617238e-06
RMS_L2= 1.42083934531e-08

RMS_L1= 8.07967288001e-07
RMS_L2= 7.68693816812e-09
0.000801100617238 0.0 1784.87219636 0.4225 341.208110489   
1.42083934531e-07 5.26835606386e-09 0.319962198666 0.406366666667 341.208110489   
0.000801100617238 0.0 1784.87219636 0.564633333333 280.135647721   
1.42083934531e-07 0.0 0.319962198666 0.343966666667 280.135647721   
0.000801100617238 5.26835606386e-09 1784.87219636 0.448166666667 159.835773308   
1.42083934531e-07 0.0 0.319962198666 0.0836333333333 159.835773308   
0.000801100617238 0.0 1784.87219636 0.5085 134.460344169   
1.42083934531e-07 0.0 0.319962198666 -0.526833333333 134.460344169   
0.000801100617238 0.0 1784.87219636 0.194966666667 38.1533181468   
1.42083934531e-07 0.0 0.319962198666 -0.5995 38.1533181468   
0.000801100617238 0.0 1784.87219636 0.0677 10.6523013252   
1.42083934531e-07 2.63417803193e-09 0.319962198666 -0.2189 10.6523013252   
0.000801100617238 3.29272253991e-10 1784.87219636 0.0242333333333 3.21018189603   
1.42083934531e-07 1.86264514923e-09 0.319962198666 -0.157033333333 3.21018189603   
8.07967288001e-05 3.72529029846e-09 213.414340205 -0.2863 341.208110489   
7.68693816812e-08 0.0 0.112529351749 -0.820166666667 341.208110489   
8.07967288001e-05 7.45058059692e-09 213.414340205 -0.507233333333 280.135647721   
7.68693816812e-08 5.26835606386e-09 0.112529351749 0.457766666667 280.135647721   
8.07967288001e-05 5.26835606386e-09 213.414340205 -0.472633333333 159.835773308   
7.68693816812e-08 9.31322574615e-10 0.112529351749 0.0781666666667 159.835773308   
8.07967288001e-05 0.0 213.414340205 -0.603233333333 134.460344169   
7.68693816812e-08 0.0 0.112529351749 -0.1821 134.460344169   
8.07967288001e-05 0.0 213.414340205 -0.2527 38.1533181468   
7.68693816812e-08 0.0 0.112529351749 0.2625 38.1533181468   
8.07967288001e-05 0.0 213.414340205 -0.0920333333333 10.6523013252   
7.68693816812e-08 0.0 0.112529351749 0.0980333333333 10.6523013252   
8.07967288001e-05 0.0 213.414340205 -0.0339 3.21018189603   
7.68693816812e-08 0.0 0.112529351749 0.00443333333333 3.21018189603   
CALCULATING MATRIX.........n23


finished process
##############################


MATRIX PERMUTATION.....n2

 
MATRIX PERMUTATION.....n3

 
finished process
##############################


MODES.....n2

 
MODES.....n3

 
finished process
##############################


MODES.....n2

 
MODES.....n3

 
finished process 




