

RMS_L1= 0.00058196505169
RMS_L2= 0.00491329706584

RMS_L1= 0.000386533359416
RMS_L2= 0.00504719852095
0.058196505169 2.92104333341e-05 3719.36705843 0.419949446667 742.049793797   
0.0491329706584 0.0823895139415 0.484092913003 -0.295958279161 742.049793797   
0.058196505169 1.75100707212e-05 3719.36705843 0.562038193333 612.210750342   
0.0491329706584 0.0640346519786 0.484092913003 -0.549272937294 612.210750342   
0.058196505169 1.23410754442e-05 3719.36705843 0.448430993333 351.207078161   
0.0491329706584 0.0688623095193 0.484092913003 0.0843398306497 351.207078161   
0.058196505169 2.00355075468e-05 3719.36705843 0.512093306667 297.213009073   
0.0491329706584 0.0452151821393 0.484092913003 0.559809817648 297.213009073   
0.058196505169 0.0 3719.36705843 0.197833333333 84.854000432   
0.0491329706584 0.066761625799 0.484092913003 0.471918695203 84.854000432   
0.058196505169 0.0 3719.36705843 0.0691 23.7679415503   
0.0491329706584 0.0353093799161 0.484092913003 0.205308860886 23.7679415503   
0.058196505169 0.0 3719.36705843 0.0231 6.66392330469   
0.0491329706584 0.0141306079807 0.484092913003 0.0420776244291 6.66392330469   
0.0386533359416 5.59174693275e-05 814.17475865 -0.285541786667 742.049793797   
0.0504719852095 0.308789067411 0.233360548633 0.403655788674 742.049793797   
0.0386533359416 5.06746275599e-05 814.17475865 -0.50413362 612.210750342   
0.0504719852095 0.205740914676 0.233360548633 -0.607018502471 612.210750342   
0.0386533359416 4.25844199276e-05 814.17475865 -0.471242873333 351.207078161   
0.0504719852095 0.261185485223 0.233360548633 0.184784804257 351.207078161   
0.0386533359416 4.11438681442e-05 814.17475865 -0.6056036 297.213009073   
0.0504719852095 0.217942031563 0.233360548633 0.280456883314 297.213009073   
0.0386533359416 2.4265901051e-05 814.17475865 -0.25616596 84.854000432   
0.0504719852095 0.196041241049 0.233360548633 -0.233589638921 84.854000432   
0.0386533359416 1.48152458649e-05 814.17475865 -0.0939034733333 23.7679415503   
0.0504719852095 0.0635333442788 0.233360548633 -0.0658843937666 23.7679415503   
0.0386533359416 7.60869676761e-06 814.17475865 -0.0323675466667 6.66392330469   
0.0504719852095 0.0316308885343 0.233360548633 -0.00430905359179 6.66392330469   
CALCULATING MATRIX.........n23


finished process
##############################


MATRIX PERMUTATION.....n2

 
MATRIX PERMUTATION.....n3

 
finished process
##############################


MODES.....n2

 
MODES.....n3

 
finished process
##############################


MODES.....n2

 
MODES.....n3

 
finished process 




