

RMS_L1= 0.000462717210928
RMS_L2= 0.00335558942618

RMS_L1= 0.000289098552378
RMS_L2= 0.00260925551509
0.0462717210928 3.07452877887e-05 2942.04971485 -0.420079613333 647.962448012   
0.0335558942618 0.0450285644189 0.928184638212 -0.458144673333 647.962448012   
0.0462717210928 9.34767609843e-06 2942.04971485 -0.562366246667 519.701136333   
0.0335558942618 0.041107629231 0.928184638212 -0.396695066667 519.701136333   
0.0462717210928 3.33206357834e-05 2942.04971485 -0.44820092 291.897122907   
0.0335558942618 0.0335717782782 0.928184638212 0.0947829733333 291.897122907   
0.0462717210928 2.84274361695e-05 2942.04971485 -0.511582593333 246.743734288   
0.0335558942618 0.0255092901029 0.928184638212 0.492277426667 246.743734288   
0.0462717210928 1.88486436615e-06 2942.04971485 -0.198099946667 73.2922651945   
0.0335558942618 0.0228340411514 0.928184638212 0.470304193333 73.2922651945   
0.0462717210928 1.63879142058e-05 2942.04971485 -0.0697709733333 22.4503665989   
0.0335558942618 0.0167229144815 0.928184638212 0.329704633333 22.4503665989   
0.0462717210928 0.0 2942.04971485 -0.0237666666667 7.35775973812   
0.0335558942618 0.0106580462291 0.928184638212 0.2124013 7.35775973812   
0.0289098552378 7.73384721962e-05 439.630653342 -0.28631636 647.962448012   
0.0260925551509 0.026232236688 0.149248331427 0.884068046667 647.962448012   
0.0289098552378 6.85103727471e-05 439.630653342 -0.5065988 519.701136333   
0.0260925551509 0.0664122971557 0.149248331427 -0.00226894 519.701136333   
0.0289098552378 5.68142766672e-05 439.630653342 -0.47201768 291.897122907   
0.0260925551509 0.0459467679468 0.149248331427 0.0544651333333 291.897122907   
0.0289098552378 5.45238436109e-05 439.630653342 -0.60397748 246.743734288   
0.0260925551509 0.0319578827925 0.149248331427 -0.357403693333 246.743734288   
0.0289098552378 3.58881600294e-05 439.630653342 -0.2535798 73.2922651945   
0.0260925551509 0.0472331596696 0.149248331427 -0.16414914 73.2922651945   
0.0289098552378 1.77837766086e-05 439.630653342 -0.0922381133333 22.4503665989   
0.0260925551509 0.0298709864652 0.149248331427 -0.171450513333 22.4503665989   
0.0289098552378 0.0 439.630653342 -0.0313 7.35775973812   
0.0260925551509 0.0211765729209 0.149248331427 -0.139897293333 7.35775973812   
CALCULATING MATRIX.........n23


finished process
##############################


MATRIX PERMUTATION.....n2

 
MATRIX PERMUTATION.....n3

 
finished process
##############################


MODES.....n2

 
MODES.....n3

 
finished process
##############################


MODES.....n2

 
MODES.....n3

 
finished process 




