

RMS_L1= 0.00141278927948
RMS_L2= 0.0123315852635

RMS_L1= 0.00120926529685
RMS_L2= 0.0124363985202
0.141278927948 0.000255886114768 594.133398093 0.410565946667 1677.3304339   
0.123315852635 0.0924634194434 2.31518259313 0.430401313333 1677.3304339   
0.141278927948 0.000219567187953 594.133398093 0.55519288 1344.05799722   
0.123315852635 0.0791394214086 2.31518259313 0.51396478 1344.05799722   
0.141278927948 0.000184263624584 594.133398093 0.447040833333 757.072854912   
0.123315852635 0.0443532891216 2.31518259313 -0.352718393333 757.072854912   
0.141278927948 0.000180738926237 594.133398093 0.52228536 646.391495907   
0.123315852635 0.0327197267258 2.31518259313 -0.367049686667 646.391495907   
0.141278927948 0.000105147515413 594.133398093 0.209389333333 195.521689711   
0.123315852635 0.0288952088601 2.31518259313 -0.4170598 195.521689711   
0.141278927948 5.58370263653e-05 594.133398093 0.0771304266667 60.7508060946   
0.123315852635 0.0207645786781 2.31518259313 -0.273292953333 60.7508060946   
0.141278927948 3.44860835044e-05 594.133398093 0.0278488266667 19.9240319891   
0.123315852635 0.0129277060926 2.31518259313 -0.15345268 19.9240319891   
0.120926529685 0.00015969019989 888.121731808 -0.28388634 1677.3304339   
0.124363985202 0.179981337203 0.710441011942 0.832126746667 1677.3304339   
0.120926529685 0.000139884987322 888.121731808 -0.498120606667 1344.05799722   
0.124363985202 0.171297116508 0.710441011942 -0.107997426667 1344.05799722   
0.120926529685 0.000113516231768 888.121731808 -0.468463946667 757.072854912   
0.124363985202 0.164676042972 0.710441011942 0.11352254 757.072854912   
0.120926529685 0.0001073441075 888.121731808 -0.610065773333 646.391495907   
0.124363985202 0.205059337655 0.710441011942 -0.30167116 646.391495907   
0.120926529685 6.829619134e-05 888.121731808 -0.26256694 195.521689711   
0.124363985202 0.13857698853 0.710441011942 -0.189682246667 195.521689711   
0.120926529685 3.96248939484e-05 888.121731808 -0.0977386333333 60.7508060946   
0.124363985202 0.0446162677481 0.710441011942 -0.00404565333333 60.7508060946   
0.120926529685 3.24331620492e-05 888.121731808 -0.0339413666667 19.9240319891   
0.124363985202 0.0477484158617 0.710441011942 -0.0404389933333 19.9240319891   
CALCULATING MATRIX.........n23


finished process
##############################


MATRIX PERMUTATION.....n2

 
MATRIX PERMUTATION.....n3

 
finished process
##############################


MODES.....n2

 
MODES.....n3

 
finished process
##############################


MODES.....n2

 
MODES.....n3

 
finished process 




