

RMS_L1= 0.000175423466854
RMS_L2= 0.00138786665863

RMS_L1= 0.000112417454701
RMS_L2= 0.000353699649668
0.0175423466854 2.07768701197e-05 901.317360648 -0.422229293333 253.622721594   
0.0138786665863 0.0298049391816 0.508872959948 0.584455026667 253.622721594   
0.0175423466854 1.69065281015e-05 901.317360648 -0.56443202 204.466459545   
0.0138786665863 0.02936878182 0.508872959948 0.227225546667 204.466459545   
0.0175423466854 1.39789928802e-05 901.317360648 -0.448035766667 115.246074499   
0.0138786665863 0.0212487550697 0.508872959948 -0.02313564 115.246074499   
0.0175423466854 1.52736793204e-05 901.317360648 -0.508563393333 97.4018161349   
0.0138786665863 0.0169027185821 0.508872959948 -0.482839973333 97.4018161349   
0.0175423466854 9.4271560639e-07 901.317360648 -0.195900013333 28.7983291229   
0.0138786665863 0.0191275905543 0.508872959948 -0.469058153333 28.7983291229   
0.0175423466854 0.0 901.317360648 -0.0688333333333 8.78576808461   
0.0138786665863 0.0136283432259 0.508872959948 -0.308465166667 8.78576808461   
0.0175423466854 0.0 901.317360648 -0.0255666666667 3.14340054805   
0.0138786665863 0.0116345545223 0.508872959948 -0.234030473333 3.14340054805   
0.0112417454701 0.0001498847496 87.866366881 -0.28843086 253.622721594   
0.00353699649668 0.227165216529 0.0269202103906 0.469383978133 253.622721594   
0.0112417454701 0.000128740911632 87.866366881 -0.509273333333 204.466459545   
0.00353699649668 0.148706735537 0.0269202103906 -0.662526562938 204.466459545   
0.0112417454701 0.000105058713043 87.866366881 -0.473249986667 115.246074499   
0.00353699649668 0.0955355087799 0.0269202103906 0.427313470704 115.246074499   
0.0112417454701 9.88534074107e-05 87.866366881 -0.601641606667 97.4018161349   
0.00353699649668 0.138063521612 0.0269202103906 -0.0561923535184 97.4018161349   
0.0112417454701 6.16176277279e-05 87.866366881 -0.249621513333 28.7983291229   
0.00353699649668 0.0875399340574 0.0269202103906 0.0773631973647 28.7983291229   
0.0112417454701 3.66340194084e-05 87.866366881 -0.0900662533333 8.78576808461   
0.00353699649668 0.104484087673 0.0269202103906 0.142298009532 8.78576808461   
0.0112417454701 2.27619917093e-05 87.866366881 -0.0329749466667 3.14340054805   
0.00353699649668 0.0791027912906 0.0269202103906 0.0447847280628 3.14340054805   
CALCULATING MATRIX.........n23


finished process
##############################


MATRIX PERMUTATION.....n2

 
MATRIX PERMUTATION.....n3

 
finished process
##############################


MODES.....n2

 
MODES.....n3

 
finished process
##############################


MODES.....n2

 
MODES.....n3

 
finished process 




