

RMS_L1= 9.24486870884e-05
RMS_L2= 0.000489549550075

RMS_L1= 6.25594115807e-05
RMS_L2= 0.000820562719213
0.00924486870884 3.15114874616e-05 363.006300233 -0.42295522 141.454442522   
0.00489549550075 0.0222116879874 0.341448776072 0.364845853333 141.454442522   
0.00924486870884 3.26985687467e-05 363.006300233 -0.565256726667 114.348463555   
0.00489549550075 0.0173737925692 0.341448776072 0.336686493333 114.348463555   
0.00924486870884 2.29111368257e-05 363.006300233 -0.447906426667 64.5707051317   
0.00489549550075 0.0182246340466 0.341448776072 0.0356253 64.5707051317   
0.00924486870884 2.38994186674e-05 363.006300233 -0.507108133333 54.566568079   
0.00489549550075 0.0147949352114 0.341448776072 -0.440853313333 54.566568079   
0.00924486870884 3.19521234834e-06 363.006300233 -0.194833446667 16.088070042   
0.00489549550075 0.00955511742784 0.341448776072 -0.49357254 16.088070042   
0.00924486870884 0.0 363.006300233 -0.0698333333333 4.98637559843   
0.00489549550075 0.0110330351009 0.341448776072 -0.420849866667 4.98637559843   
0.00924486870884 3.29272253991e-10 363.006300233 -0.0311666666667 2.13819294568   
0.00489549550075 0.00982580534875 0.341448776072 -0.368137093333 2.13819294568   
0.00625594115807 0.000241030121718 30.4029936537 0.290121313333 141.454442522   
0.00820562719213 0.199545958107 0.039663912394 0.171655747011 141.454442522   
0.00625594115807 0.00020578245278 30.4029936537 0.511938933333 114.348463555   
0.00820562719213 0.181336380004 0.039663912394 -0.735726507714 114.348463555   
0.00625594115807 0.000168431992927 30.4029936537 0.473573626667 64.5707051317   
0.00820562719213 0.146843894409 0.039663912394 0.325336104989 64.5707051317   
0.00625594115807 0.000158372869639 30.4029936537 0.59896242 54.566568079   
0.00820562719213 0.12324844973 0.039663912394 0.124799098377 54.566568079   
0.00625594115807 9.57590197213e-05 30.4029936537 0.246956846667 16.088070042   
0.00820562719213 0.125449550137 0.039663912394 0.292148794497 16.088070042   
0.00625594115807 5.3012553669e-05 30.4029936537 0.0905488933333 4.98637559843   
0.00820562719213 0.108451131612 0.039663912394 0.204616409537 4.98637559843   
0.00625594115807 3.95029512301e-05 30.4029936537 0.03916418 2.13819294568   
0.00820562719213 0.0917952249764 0.039663912394 0.187679569892 2.13819294568   
CALCULATING MATRIX.........n23


finished process
##############################


MATRIX PERMUTATION.....n2

 
MATRIX PERMUTATION.....n3

 
finished process
##############################


MODES.....n2

 
MODES.....n3

 
finished process
##############################


MODES.....n2

 
MODES.....n3

 
finished process 




