

RMS_L1= 0.000299620828509
RMS_L2= 0.00260598066332

RMS_L1= 0.00018623698031
RMS_L2= 0.0023695130998
0.0299620828509 3.23039119064e-05 1798.71633688 -0.42119178 417.605702147   
0.0260598066332 0.0334660263956 0.764443589406 -0.64506056 417.605702147   
0.0299620828509 2.53552299838e-05 1798.71633688 -0.563488366667 335.724999866   
0.0260598066332 0.0387246377559 0.764443589406 -0.23726376 335.724999866   
0.0299620828509 1.29354632095e-05 1798.71633688 -0.448169206667 188.866355219   
0.0260598066332 0.0284519687178 0.764443589406 0.170545826667 188.866355219   
0.0299620828509 6.59945664511e-06 1798.71633688 -0.509966613333 159.596460924   
0.0260598066332 0.0224846175372 0.764443589406 0.421974266667 159.596460924   
0.0299620828509 2.49269109079e-06 1798.71633688 -0.196966573333 47.294582842   
0.0260598066332 0.0218297045566 0.764443589406 0.4586642 47.294582842   
0.0299620828509 0.0 1798.71633688 -0.0692333333333 14.4531154525   
0.0260598066332 0.015013031163 0.764443589406 0.284199566667 14.4531154525   
0.0299620828509 1.3878655076e-05 1798.71633688 -0.0239030266667 4.81569944861   
0.0260598066332 0.00964873190972 0.764443589406 0.156786966667 4.81569944861   
0.018623698031 0.000102166694162 210.848478788 -0.287631286667 417.605702147   
0.023695130998 0.226103863451 0.097138599025 0.202018760032 417.605702147   
0.018623698031 9.03039321872e-05 210.848478788 -0.508295906667 335.724999866   
0.023695130998 0.18470451948 0.097138599025 0.440219950508 335.724999866   
0.018623698031 7.35034841493e-05 210.848478788 -0.47262638 188.866355219   
0.023695130998 0.245568220935 0.097138599025 0.217855724987 188.866355219   
0.018623698031 6.93153200661e-05 210.848478788 -0.60250324 159.596460924   
0.023695130998 0.156809563509 0.097138599025 -0.413831915463 159.596460924   
0.018623698031 4.5749056616e-05 210.848478788 -0.251473293333 47.294582842   
0.023695130998 0.182168519668 0.097138599025 -0.39557250535 47.294582842   
0.018623698031 2.60815780107e-05 210.848478788 -0.09110932 14.4531154525   
0.023695130998 0.106695251883 0.097138599025 -0.304440576512 14.4531154525   
0.018623698031 2.61164494802e-05 210.848478788 -0.0312459533333 4.81569944861   
0.023695130998 0.112137441825 0.097138599025 -0.265028685126 4.81569944861   
CALCULATING MATRIX.........n23


finished process
##############################


MATRIX PERMUTATION.....n2

 
MATRIX PERMUTATION.....n3

 
finished process
##############################


MODES.....n2

 
MODES.....n3

 
finished process
##############################


MODES.....n2

 
MODES.....n3

 
finished process 




