

RMS_L1= 0.00130052804649
RMS_L2= 0.00870662026797

RMS_L1= 0.000904959747839
RMS_L2= 0.0138136045298
0.130052804649 3.98080275151e-05 3712.72624228 -0.417562926667 1166.05344449   
0.0870662026797 0.0499692850612 1.42457684099 0.485068373333 1166.05344449   
0.130052804649 3.70216403504e-05 3712.72624228 -0.55982744 933.09432124   
0.0870662026797 0.0484396905825 1.42457684099 0.332835793333 933.09432124   
0.130052804649 3.19450921988e-05 3712.72624228 -0.448303326667 523.691033083   
0.0870662026797 0.0502553284857 1.42457684099 -0.10944532 523.691033083   
0.130052804649 3.12623591838e-05 3712.72624228 -0.51503646 443.65990524   
0.0870662026797 0.0384435546312 1.42457684099 -0.38936388 443.65990524   
0.130052804649 1.71067236948e-05 3712.72624228 -0.200837733333 132.532794783   
0.0870662026797 0.0312609449876 1.42457684099 -0.524798046667 132.532794783   
0.130052804649 7.4650921865e-06 3712.72624228 -0.0711675133333 40.7874074648   
0.0870662026797 0.0258669617428 1.42457684099 -0.41433692 40.7874074648   
0.130052804649 0.0 3712.72624228 -0.0243 13.3432131338   
0.0870662026797 0.0157784750577 1.42457684099 -0.180321353333 13.3432131338   
0.0904959747839 0.000102722387417 1023.74478905 -0.285057 1166.05344449   
0.138136045298 0.203932661797 0.527313575173 0.455066593333 1166.05344449   
0.0904959747839 9.13369328264e-05 1023.74478905 -0.50294132 933.09432124   
0.138136045298 0.223722387712 0.527313575173 0.577609753333 933.09432124   
0.0904959747839 7.58509986713e-05 1023.74478905 -0.470621446667 523.691033083   
0.138136045298 0.128271876822 0.527313575173 -0.221810266667 523.691033083   
0.0904959747839 7.12589513672e-05 1023.74478905 -0.606851746667 443.65990524   
0.138136045298 0.109158755091 0.527313575173 -0.424535873333 443.65990524   
0.0904959747839 4.60237698301e-05 1023.74478905 -0.25706648 132.532794783   
0.138136045298 0.0650485249479 0.527313575173 -0.121375993333 132.532794783   
0.0904959747839 2.44679554973e-05 1023.74478905 -0.09442694 40.7874074648   
0.138136045298 0.0926339634758 0.527313575173 -0.2317053 40.7874074648   
0.0904959747839 1.93059852555e-05 1023.74478905 -0.0322394933333 13.3432131338   
0.138136045298 0.0582164173847 0.527313575173 -0.158810033333 13.3432131338   
CALCULATING MATRIX.........n23


finished process
##############################


MATRIX PERMUTATION.....n2

 
MATRIX PERMUTATION.....n3

 
finished process
##############################


MODES.....n2

 
MODES.....n3

 
finished process
##############################


MODES.....n2

 
MODES.....n3

 
finished process 




