

RMS_L1= 0.000824146317019
RMS_L2= 0.00675086530058

RMS_L1= 0.000679553326217
RMS_L2= 0.0078067067385
0.0824146317019 5.99179825912e-05 1517.05564374 -0.414333573333 1574.01941568   
0.0675086530058 0.0561639065849 1.3831999612 -0.61446792 1574.01941568   
0.0824146317019 5.38610293941e-05 1517.05564374 -0.556738613333 1260.38327537   
0.0675086530058 0.0700271680147 1.3831999612 -0.128204553333 1260.38327537   
0.0824146317019 4.70335856475e-05 1517.05564374 -0.448486806667 709.003789051   
0.0675086530058 0.048824910155 1.3831999612 -0.00213203333333 709.003789051   
0.0824146317019 4.59349104196e-05 1517.05564374 -0.51883414 603.878755151   
0.0675086530058 0.0263236104647 1.3831999612 0.379630486667 603.878755151   
0.0824146317019 3.35432221581e-05 1517.05564374 -0.20486184 182.001046762   
0.0675086530058 0.0312910909478 1.3831999612 0.449265873333 182.001046762   
0.0824146317019 2.61902025816e-05 1517.05564374 -0.07357938 56.3982486413   
0.0675086530058 0.0264720275926 1.3831999612 0.426715833333 56.3982486413   
0.0824146317019 9.95102674598e-06 1517.05564374 -0.0256318133333 18.4825578173   
0.0675086530058 0.0165835408283 1.3831999612 0.254660986667 18.4825578173   
0.0679553326217 7.58744901758e-05 1067.13484112 -0.28422222 1574.01941568   
0.078067067385 0.154365325807 0.367778659916 0.0899192238448 1574.01941568   
0.0679553326217 6.70654093357e-05 1067.13484112 -0.49921676 1260.38327537   
0.078067067385 0.136434798312 0.367778659916 0.708111108888 1260.38327537   
0.0679553326217 5.53675523815e-05 1067.13484112 -0.468994246667 709.003789051   
0.078067067385 0.123976450708 0.367778659916 -0.101827498833 709.003789051   
0.0679553326217 5.22215270635e-05 1067.13484112 -0.609496406667 603.878755151   
0.078067067385 0.109326164549 0.367778659916 -0.331464966327 603.878755151   
0.0679553326217 3.65361919319e-05 1067.13484112 -0.260932866667 182.001046762   
0.078067067385 0.0819141735171 0.367778659916 -0.341572501167 182.001046762   
0.0679553326217 3.33044781865e-05 1067.13484112 -0.0967319466667 56.3982486413   
0.078067067385 0.0865638686476 0.367778659916 -0.333973374675 56.3982486413   
0.0679553326217 3.32832450307e-05 1067.13484112 -0.0333981733333 18.4825578173   
0.078067067385 0.0544702517081 0.367778659916 -0.234753804094 18.4825578173   
CALCULATING MATRIX.........n23


finished process
##############################


MATRIX PERMUTATION.....n2

 
MATRIX PERMUTATION.....n3

 
finished process
##############################


MODES.....n2

 
MODES.....n3

 
finished process
##############################


MODES.....n2

 
MODES.....n3

 
finished process 




