

RMS_L1= 3.4125936528e-06
RMS_L2= 1.58795278415e-07

RMS_L1= 6.63943305762e-06
RMS_L2= 4.35237640349e-08
0.00034125936528 5.26835606386e-09 594.133643306 0.410566666667 1677.3304339   
1.58795278415e-06 5.26835606386e-09 2.30906060998 0.431566666667 1677.3304339   
0.00034125936528 0.0 594.133643306 0.555166666667 1344.05799722   
1.58795278415e-06 0.0 2.30906060998 0.521633333333 1344.05799722   
0.00034125936528 0.0 594.133643306 0.447033333333 757.072854912   
1.58795278415e-06 5.26835606386e-09 2.30906060998 -0.356566666667 757.072854912   
0.00034125936528 0.0 594.133643306 0.5223 646.391495907   
1.58795278415e-06 0.0 2.30906060998 -0.370966666667 646.391495907   
0.00034125936528 0.0 594.133643306 0.209366666667 195.521689711   
1.58795278415e-06 0.0 2.30906060998 -0.420766666667 195.521689711   
0.00034125936528 9.31322574615e-10 594.133643306 0.0771 60.7508060946   
1.58795278415e-06 3.72529029846e-09 2.30906060998 -0.275633333333 60.7508060946   
0.00034125936528 3.29272253991e-10 594.133643306 0.0278333333333 19.9240319891   
1.58795278415e-06 1.86264514923e-09 2.30906060998 -0.154633333333 19.9240319891   
0.000663943305762 0.0 888.119809213 -0.2839 1677.3304339   
4.35237640349e-07 1.05367121277e-08 0.702636625004 0.891233333333 1677.3304339   
0.000663943305762 0.0 888.119809213 -0.4981 1344.05799722   
4.35237640349e-07 0.0 0.702636625004 -0.0871666666667 1344.05799722   
0.000663943305762 0.0 888.119809213 -0.468433333333 757.072854912   
4.35237640349e-07 1.86264514923e-09 0.702636625004 0.143433333333 757.072854912   
0.000663943305762 0.0 888.119809213 -0.610033333333 646.391495907   
4.35237640349e-07 0.0 0.702636625004 -0.355766666667 646.391495907   
0.000663943305762 0.0 888.119809213 -0.262566666667 195.521689711   
4.35237640349e-07 2.63417803193e-09 0.702636625004 -0.2229 195.521689711   
0.000663943305762 0.0 888.119809213 -0.0977666666667 60.7508060946   
4.35237640349e-07 5.14487896861e-12 0.702636625004 0.000366666666667 60.7508060946   
0.000663943305762 0.0 888.119809213 -0.0339666666667 19.9240319891   
4.35237640349e-07 0.0 0.702636625004 -0.0363666666667 19.9240319891   
CALCULATING MATRIX.........n23


finished process
##############################


MATRIX PERMUTATION.....n2

 
MATRIX PERMUTATION.....n3

 
finished process
##############################


MODES.....n2

 
MODES.....n3

 
finished process
##############################


MODES.....n2

 
MODES.....n3

 
finished process 




