

RMS_L1= 0.000815838627075
RMS_L2= 0.0058387586899

RMS_L1= 0.000627031197038
RMS_L2= 0.00579930656905
0.0815838627075 3.9628806492e-05 2440.51233433 -0.41565838 1428.52493583   
0.058387586899 0.0616170125146 1.47716871694 -0.524377493333 1428.52493583   
0.0815838627075 3.66617112076e-05 2440.51233433 -0.558674826667 1143.45642202   
0.058387586899 0.0671960963694 1.47716871694 -0.188230093333 1143.45642202   
0.0815838627075 3.01543995416e-05 2440.51233433 -0.4485007 642.612586756   
0.058387586899 0.0390558186156 1.47716871694 -0.13473664 642.612586756   
0.0815838627075 2.96037707692e-05 2440.51233433 -0.516769173333 546.231185479   
0.058387586899 0.0290663293057 1.47716871694 0.492576013333 546.231185479   
0.0815838627075 2.91726196472e-05 2440.51233433 -0.20265054 164.092170639   
0.058387586899 0.026635052124 1.47716871694 0.47689748 164.092170639   
0.0815838627075 0.0 2440.51233433 -0.0722333333333 50.7241845378   
0.058387586899 0.0187084223822 1.47716871694 0.367755413333 50.7241845378   
0.0815838627075 1.49033921992e-06 2440.51233433 -0.0248333666667 16.6132545173   
0.058387586899 0.0123277186462 1.47716871694 0.23290328 16.6132545173   
0.0627031197038 6.8667974034e-05 1100.11631593 -0.28428354 1428.52493583   
0.0579930656905 0.0576529873715 0.207437041253 -0.708638413333 1428.52493583   
0.0627031197038 6.09823194776e-05 1100.11631593 -0.5008557 1143.45642202   
0.0579930656905 0.0678846230833 0.207437041253 -0.313501873333 1143.45642202   
0.0627031197038 5.07191632049e-05 1100.11631593 -0.469862046667 642.612586756   
0.0579930656905 0.0611899493439 0.207437041253 0.125546146667 642.612586756   
0.0627031197038 4.79513532669e-05 1100.11631593 -0.608308366667 546.231185479   
0.0579930656905 0.0362593037005 0.207437041253 0.277643133333 546.231185479   
0.0627031197038 3.16707059362e-05 1100.11631593 -0.259372746667 164.092170639   
0.0579930656905 0.0386219429027 0.207437041253 0.34441248 164.092170639   
0.0627031197038 8.88715424463e-06 1100.11631593 -0.09569964 50.7241845378   
0.0579930656905 0.0374058456525 0.207437041253 0.361634793333 50.7241845378   
0.0627031197038 3.19129816849e-05 1100.11631593 -0.0329237066667 16.6132545173   
0.0579930656905 0.0251372906253 0.207437041253 0.201958693333 16.6132545173   
CALCULATING MATRIX.........n23


finished process
##############################


MATRIX PERMUTATION.....n2

 
MATRIX PERMUTATION.....n3

 
finished process
##############################


MODES.....n2

 
MODES.....n3

 
finished process
##############################


MODES.....n2

 
MODES.....n3

 
finished process 




