

RMS_L1= 0.00137352460582
RMS_L2= 0.0191429701231

RMS_L1= 0.0011969890778
RMS_L2= 0.0199106434974
0.137352460582 0.00110470346005 135.749850517 -0.398024386667 1716.25867128   
0.191429701231 0.110942072307 2.10472005628 0.770012880546 1716.25867128   
0.137352460582 0.000951393584658 135.749850517 -0.55168054 1378.37899691   
0.191429701231 0.185730924829 2.10472005628 0.143865432099 1378.37899691   
0.137352460582 0.000781924215421 135.749850517 -0.44393518 778.86830871   
0.191429701231 0.0572623284535 2.10472005628 -0.409103007367 778.86830871   
0.137352460582 0.000764630057938 135.749850517 -0.52864806 668.161084152   
0.191429701231 0.0820883804307 2.10472005628 -0.250334964847 668.161084152   
0.137352460582 0.000443999664514 135.749850517 -0.225540346667 203.384352432   
0.191429701231 0.0571285433899 2.10472005628 -0.229648834393 203.384352432   
0.137352460582 0.000236735692375 135.749850517 -0.09137242 63.4780583641   
0.191429701231 0.0396725093365 2.10472005628 -0.183368288088 63.4780583641   
0.137352460582 0.000129548181686 135.749850517 -0.0381725866667 20.8448964114   
0.191429701231 0.0211350227982 2.10472005628 -0.0887785077539 20.8448964114   
0.11969890778 0.000301395165037 467.422553368 0.28600284 1716.25867128   
0.199106434974 0.419992668911 1.20927058981 -0.307906913333 1716.25867128   
0.11969890778 0.000260224460103 467.422553368 0.495295273333 1378.37899691   
0.199106434974 0.379211446145 1.20927058981 -0.492590353333 1378.37899691   
0.11969890778 0.000209944344048 467.422553368 0.466812393333 778.86830871   
0.199106434974 0.142508925966 1.20927058981 0.119292766667 778.86830871   
0.11969890778 0.000196295119072 467.422553368 0.611881446667 668.161084152   
0.199106434974 0.220871707782 1.20927058981 0.304611113333 668.161084152   
0.11969890778 0.000123673790299 467.422553368 0.263821226667 203.384352432   
0.199106434974 0.156742654811 1.20927058981 0.245505 203.384352432   
0.11969890778 6.72201924301e-05 467.422553368 0.09902182 63.4780583641   
0.199106434974 0.137333545437 1.20927058981 0.220809566667 63.4780583641   
0.11969890778 3.95682274358e-05 467.422553368 0.0341325733333 20.8448964114   
0.199106434974 0.065223771899 1.20927058981 0.0976160466667 20.8448964114   
CALCULATING MATRIX.........n23


finished process
##############################


MATRIX PERMUTATION.....n2

 
MATRIX PERMUTATION.....n3

 
finished process
##############################


MODES.....n2

 
MODES.....n3

 
finished process
##############################


MODES.....n2

 
MODES.....n3

 
finished process 




