

RMS_L1= 1.84123368991e-05
RMS_L2= 6.79546458533e-08

RMS_L1= 7.8270680767e-06
RMS_L2= 2.62097404887e-08
0.00184123368991 5.26835606386e-09 3712.72656896 -0.417566666667 1166.05344449   
6.79546458533e-07 7.45058059692e-09 1.42000989878 0.486833333333 1166.05344449   
0.00184123368991 0.0 3712.72656896 -0.559833333333 933.09432124   
6.79546458533e-07 3.72529029846e-09 1.42000989878 0.335166666667 933.09432124   
0.00184123368991 5.26835606386e-09 3712.72656896 -0.4483 523.691033083   
6.79546458533e-07 0.0 1.42000989878 -0.109766666667 523.691033083   
0.00184123368991 0.0 3712.72656896 -0.515033333333 443.65990524   
6.79546458533e-07 0.0 1.42000989878 -0.391233333333 443.65990524   
0.00184123368991 0.0 3712.72656896 -0.200833333333 132.532794783   
6.79546458533e-07 0.0 1.42000989878 -0.528366666667 132.532794783   
0.00184123368991 0.0 3712.72656896 -0.0711666666667 40.7874074648   
6.79546458533e-07 5.26835606386e-09 1.42000989878 -0.416566666667 40.7874074648   
0.00184123368991 0.0 3712.72656896 -0.0243 13.3432131338   
6.79546458533e-07 0.0 1.42000989878 -0.1811 13.3432131338   
0.00078270680767 0.0 1023.74587946 -0.285033333333 1166.05344449   
2.62097404887e-07 7.45058059692e-09 0.518736015879 0.468366666667 1166.05344449   
0.00078270680767 0.0 1023.74587946 -0.502966666667 933.09432124   
2.62097404887e-07 7.45058059692e-09 0.518736015879 0.634833333333 933.09432124   
0.00078270680767 7.45058059692e-09 1023.74587946 -0.470633333333 523.691033083   
2.62097404887e-07 2.63417803193e-09 0.518736015879 -0.2421 523.691033083   
0.00078270680767 7.45058059692e-09 1023.74587946 -0.606833333333 443.65990524   
2.62097404887e-07 0.0 0.518736015879 -0.4547 443.65990524   
0.00078270680767 0.0 1023.74587946 -0.2571 132.532794783   
2.62097404887e-07 0.0 0.518736015879 -0.129233333333 132.532794783   
0.00078270680767 0.0 1023.74587946 -0.0944333333333 40.7874074648   
2.62097404887e-07 0.0 0.518736015879 -0.2553 40.7874074648   
0.00078270680767 4.65661287308e-10 1023.74587946 -0.0322333333333 13.3432131338   
2.62097404887e-07 0.0 0.518736015879 -0.1743 13.3432131338   
CALCULATING MATRIX.........n23


finished process
##############################


MATRIX PERMUTATION.....n2

 
MATRIX PERMUTATION.....n3

 
finished process
##############################


MODES.....n2

 
MODES.....n3

 
finished process
##############################


MODES.....n2

 
MODES.....n3

 
finished process 




