

RMS_L1= 0.000762812855438
RMS_L2= 0.00739692850175

RMS_L1= 0.000678517741483
RMS_L2= 0.0064341789174
0.0762812855438 0.00108261119514 79.4215016898 -0.377128333333 1719.09080599   
0.0739692850175 0.0377096021102 1.39097933459 0.597838346667 1719.09080599   
0.0762812855438 0.000921248469774 79.4215016898 -0.551274493333 1382.80587223   
0.0739692850175 0.035514089771 1.39097933459 0.34936746 1382.80587223   
0.0762812855438 0.000784025350246 79.4215016898 -0.4494875 782.980909005   
0.0739692850175 0.0493006874042 1.39097933459 -0.191327433333 782.980909005   
0.0762812855438 0.000739809992712 79.4215016898 -0.531414706667 673.670248574   
0.0739692850175 0.0295061130823 1.39097933459 -0.339101 673.670248574   
0.0762812855438 0.000436909918953 79.4215016898 -0.237587126667 205.854831607   
0.0739692850175 0.0272859980483 1.39097933459 -0.445781373333 205.854831607   
0.0762812855438 0.000234555503975 79.4215016898 -0.103656266667 64.4222811168   
0.0739692850175 0.0215131182881 1.39097933459 -0.362917806667 64.4222811168   
0.0762812855438 0.000130012386424 79.4215016898 -0.04727504 21.1815589553   
0.0739692850175 0.0119982621364 1.39097933459 -0.17655102 21.1815589553   
0.0678517741483 0.000298944073189 270.113779977 -0.28772412 1719.09080599   
0.064341789174 0.14297663611 0.502261289224 0.24670651318 1719.09080599   
0.0678517741483 0.000256628040239 270.113779977 -0.495891266667 1382.80587223   
0.064341789174 0.189069636346 0.502261289224 0.347807340674 1382.80587223   
0.0678517741483 0.000208214030871 270.113779977 -0.466437473333 782.980909005   
0.064341789174 0.300180203112 0.502261289224 0.156292018685 782.980909005   
0.0678517741483 0.000190844795186 270.113779977 -0.611055253333 673.670248574   
0.064341789174 0.181654921328 0.502261289224 -0.226111211211 673.670248574   
0.0678517741483 0.000121335966007 270.113779977 -0.264125833333 205.854831607   
0.064341789174 0.227761543712 0.502261289224 -0.495675482149 205.854831607   
0.0678517741483 6.63480623466e-05 270.113779977 -0.0974701533333 64.4222811168   
0.064341789174 0.163775876685 0.502261289224 -0.395633953954 64.4222811168   
0.0678517741483 3.91462664656e-05 270.113779977 -0.0330274066667 21.1815589553   
0.064341789174 0.113717478269 0.502261289224 -0.263563750417 21.1815589553   
CALCULATING MATRIX.........n23


finished process
##############################


MATRIX PERMUTATION.....n2

 
MATRIX PERMUTATION.....n3

 
finished process
##############################


MODES.....n2

 
MODES.....n3

 
finished process
##############################


MODES.....n2

 
MODES.....n3

 
finished process 




