

RMS_L1= 4.43544270579e-07
RMS_L2= 1.58969970743e-07

RMS_L1= 2.62395867146e-06
RMS_L2= 5.86215592245e-08
4.43544270579e-05 5.26835606386e-09 135.749646467 -0.398033333333 1716.25867128   
1.58969970743e-06 0.0 2.09543348287 0.799233333333 1716.25867128   
4.43544270579e-05 0.0 135.749646467 -0.5517 1378.37899691   
1.58969970743e-06 0.0 2.09543348287 0.140433333333 1378.37899691   
4.43544270579e-05 5.26835606386e-09 135.749646467 -0.443966666667 778.86830871   
1.58969970743e-06 0.0 2.09543348287 -0.423166666667 778.86830871   
4.43544270579e-05 7.45058059692e-09 135.749646467 -0.528633333333 668.161084152   
1.58969970743e-06 0.0 2.09543348287 -0.2543 668.161084152   
4.43544270579e-05 2.63417803193e-09 135.749646467 -0.225566666667 203.384352432   
1.58969970743e-06 0.0 2.09543348287 -0.234166666667 203.384352432   
4.43544270579e-05 0.0 135.749646467 -0.0913666666667 63.4780583641   
1.58969970743e-06 0.0 2.09543348287 -0.1865 63.4780583641   
4.43544270579e-05 0.0 135.749646467 -0.0381666666667 20.8448964114   
1.58969970743e-06 0.0 2.09543348287 -0.0901666666667 20.8448964114   
0.000262395867146 0.0 467.422338084 0.286033333333 1716.25867128   
5.86215592245e-07 0.0 1.20073259652 -0.361166666667 1716.25867128   
0.000262395867146 0.0 467.422338084 0.4953 1378.37899691   
5.86215592245e-07 0.0 1.20073259652 -0.678833333333 1378.37899691   
0.000262395867146 7.45058059692e-09 467.422338084 0.466833333333 778.86830871   
5.86215592245e-07 1.86264514923e-09 1.20073259652 0.141166666667 778.86830871   
0.000262395867146 0.0 467.422338084 0.6119 668.161084152   
5.86215592245e-07 0.0 1.20073259652 0.4119 668.161084152   
0.000262395867146 0.0 467.422338084 0.263833333333 203.384352432   
5.86215592245e-07 0.0 1.20073259652 0.329433333333 203.384352432   
0.000262395867146 0.0 467.422338084 0.0990333333333 63.4780583641   
5.86215592245e-07 0.0 1.20073259652 0.302966666667 63.4780583641   
0.000262395867146 4.65661287308e-10 467.422338084 0.0341 20.8448964114   
5.86215592245e-07 1.86264514923e-09 1.20073259652 0.136966666667 20.8448964114   
CALCULATING MATRIX.........n23


finished process
##############################


MATRIX PERMUTATION.....n2

 
MATRIX PERMUTATION.....n3

 
finished process
##############################


MODES.....n2

 
MODES.....n3

 
finished process
##############################


MODES.....n2

 
MODES.....n3

 
finished process 




