

RMS_L1= 0.000656277963761
RMS_L2= 0.00522524807157

RMS_L1= 0.000433037765798
RMS_L2= 0.00762541157467
0.0656277963761 2.64821609301e-05 3751.5531895 -0.41835414 969.978583504   
0.0522524807157 0.0433579993132 1.28172846622 0.544547333333 969.978583504   
0.0656277963761 1.73885010968e-05 3751.5531895 -0.5609042 776.620913453   
0.0522524807157 0.043862621167 1.28172846622 0.275802733333 776.620913453   
0.0656277963761 2.13691360572e-05 3751.5531895 -0.4483744 435.87225657   
0.0522524807157 0.0359442699618 1.28172846622 0.0207270066667 435.87225657   
0.0656277963761 2.52804490738e-05 3751.5531895 -0.5136449 368.883787289   
0.0522524807157 0.0243551282862 1.28172846622 -0.534462786667 368.883787289   
0.0656277963761 1.76321574978e-06 3751.5531895 -0.199766713333 109.952591293   
0.0522524807157 0.0253910589945 1.28172846622 -0.4590865 109.952591293   
0.0656277963761 0.0 3751.5531895 -0.0706333333333 33.7793174144   
0.0522524807157 0.0169559227677 1.28172846622 -0.298493606667 33.7793174144   
0.0656277963761 0.0 3751.5531895 -0.0240333333333 11.0482341154   
0.0522524807157 0.0105133335962 1.28172846622 -0.186360833333 11.0482341154   
0.0433037765798 6.41248332949e-05 807.257848954 -0.285515846667 969.978583504   
0.0762541157467 0.299429044607 0.584327695304 0.738041369077 969.978583504   
0.0433037765798 5.71712120584e-05 807.257848954 -0.50401306 776.620913453   
0.0762541157467 0.260981094357 0.584327695304 -0.253520812911 776.620913453   
0.0433037765798 4.83009750908e-05 807.257848954 -0.471228773333 435.87225657   
0.0762541157467 0.135727047204 0.584327695304 0.101945707045 435.87225657   
0.0433037765798 4.54006158567e-05 807.257848954 -0.60590586 368.883787289   
0.0762541157467 0.139187106454 0.584327695304 -0.24165206562 368.883787289   
0.0433037765798 3.44488223321e-05 807.257848954 -0.25593242 109.952591293   
0.0762541157467 0.24090399223 0.584327695304 0.0424220699543 109.952591293   
0.0433037765798 8.20666138418e-06 807.257848954 -0.0935674733333 33.7793174144   
0.0762541157467 0.202053661671 0.584327695304 0.0243322563436 33.7793174144   
0.0433037765798 2.46729325384e-05 807.257848954 -0.03188908 11.0482341154   
0.0762541157467 0.142193442989 0.584327695304 0.0720952852522 11.0482341154   
CALCULATING MATRIX.........n23


finished process
##############################


MATRIX PERMUTATION.....n2

 
MATRIX PERMUTATION.....n3

 
finished process
##############################


MODES.....n2

 
MODES.....n3

 
finished process
##############################


MODES.....n2

 
MODES.....n3

 
finished process 




