

RMS_L1= 0.00038621653685
RMS_L2= 0.00240154964932

RMS_L1= 0.000245889051944
RMS_L2= 0.00365234534725
0.038621653685 3.64825623566e-05 1286.05718798 -0.421721646667 325.198205826   
0.0240154964932 0.0448927805163 0.586843692711 -0.460837186667 325.198205826   
0.038621653685 3.14913902589e-05 1286.05718798 -0.56396984 261.823738468   
0.0240154964932 0.0406932108154 0.586843692711 -0.28661986 261.823738468   
0.038621653685 3.34150665487e-05 1286.05718798 -0.44814038 147.451668321   
0.0240154964932 0.0455507761493 0.586843692711 -0.02542652 147.451668321   
0.038621653685 3.09458338111e-05 1286.05718798 -0.509282573333 124.607039912   
0.0240154964932 0.0351581888492 0.586843692711 0.45263076 124.607039912   
0.038621653685 1.95292327736e-05 1286.05718798 -0.19630632 36.8794891195   
0.0240154964932 0.0255498211208 0.586843692711 0.52942806 36.8794891195   
0.038621653685 1.33306684328e-06 1286.05718798 -0.0689666933333 11.2587202651   
0.0240154964932 0.0190804117858 0.586843692711 0.3932858 11.2587202651   
0.038621653685 0.0 1286.05718798 -0.0243666666667 3.83282650669   
0.0240154964932 0.0157067847518 0.586843692711 0.238208786667 3.83282650669   
0.0245889051944 0.000212086871442 134.827450836 -0.289468173333 325.198205826   
0.0365234534725 0.279775390661 0.146784108735 0.043950760469 325.198205826   
0.0245889051944 0.00018458166232 134.827450836 -0.508445546667 261.823738468   
0.0365234534725 0.201750286068 0.146784108735 -0.689155644891 261.823738468   
0.0245889051944 0.000150325411262 134.827450836 -0.47329978 147.451668321   
0.0365234534725 0.173972274245 0.146784108735 0.373546968174 147.451668321   
0.0245889051944 0.000141573188402 134.827450836 -0.601372566667 124.607039912   
0.0365234534725 0.103346261647 0.146784108735 0.108238438861 124.607039912   
0.0245889051944 8.56896145237e-05 134.827450836 -0.250680213333 36.8794891195   
0.0365234534725 0.107967861276 0.146784108735 0.256427162479 36.8794891195   
0.0245889051944 4.69286190624e-05 134.827450836 -0.09046956 11.2587202651   
0.0365234534725 0.10638141113 0.146784108735 0.278101976549 11.2587202651   
0.0245889051944 2.68959179037e-05 134.827450836 -0.0316989733333 3.83282650669   
0.0365234534725 0.0769481015681 0.146784108735 0.199912710218 3.83282650669   
CALCULATING MATRIX.........n23


finished process
##############################


MATRIX PERMUTATION.....n2

 
MATRIX PERMUTATION.....n3

 
finished process
##############################


MODES.....n2

 
MODES.....n3

 
finished process
##############################


MODES.....n2

 
MODES.....n3

 
finished process 




