

MEAN_L1= 2.63191488666e-06
MEAN_L2= 1.74416478819e-05

MEAN_L1= 1.73827218501e-06
MEAN_L2= 9.02118333707e-06
0.000263191488666 4.76498854595e-05 596.427619618 -0.400457113333 170.594998632   
0.000174416478819 0.0550201985215 0.402246358509 -0.523431026667 170.594998632   
0.000263191488666 4.51478645311e-05 596.427619618 -0.54188552 143.605704158   
0.000174416478819 0.0476069514347 0.402246358509 -0.256537853333 143.605704158   
0.000263191488666 4.01177102047e-05 596.427619618 -0.444908686667 85.2576938684   
0.000174416478819 0.0435299372028 0.402246358509 -0.0281334066667 85.2576938684   
0.000263191488666 4.01843395135e-05 596.427619618 -0.53644912 77.2440852368   
0.000174416478819 0.0384218348473 0.402246358509 0.380488653333 77.2440852368   
0.000263191488666 3.32503607561e-05 596.427619618 -0.226603013333 25.0920705886   
0.000174416478819 0.0287720983976 0.402246358509 0.495390906667 25.0920705886   
0.000263191488666 2.0859317111e-05 596.427619618 -0.0874926666667 8.3136167765   
0.000174416478819 0.0274564503659 0.402246358509 0.369867593333 8.3136167765   
0.000263191488666 1.02239783545e-05 596.427619618 -0.03563494 3.18100646175   
0.000174416478819 0.0296165873844 0.402246358509 0.348292046667 3.18100646175   
0.000173827218501 0.000329894238667 59.7659762331 -0.276136986667 170.594998632   
9.02118333707e-05 0.396064560507 0.0306982049895 0.238921500739 170.594998632   
0.000173827218501 0.00029512306078 59.7659762331 -0.481541453333 143.605704158   
9.02118333707e-05 0.251266535246 0.0306982049895 -0.628907970928 143.605704158   
0.000173827218501 0.000241546232919 59.7659762331 -0.459824446667 85.2576938684   
9.02118333707e-05 0.272626361915 0.0306982049895 0.0964133580927 85.2576938684   
0.000173827218501 0.000224213549029 59.7659762331 -0.620639466667 77.2440852368   
9.02118333707e-05 0.191729563457 0.0306982049895 0.273572632882 77.2440852368   
0.000173827218501 0.000149340461081 59.7659762331 -0.283659266667 25.0920705886   
9.02118333707e-05 0.204214578792 0.0306982049895 0.0279542310611 25.0920705886   
0.000173827218501 8.35354679129e-05 59.7659762331 -0.112631826667 8.3136167765   
9.02118333707e-05 0.141885898706 0.0306982049895 0.0730447785632 8.3136167765   
0.000173827218501 5.25798334812e-05 59.7659762331 -0.0456648333333 3.18100646175   
9.02118333707e-05 0.208657488156 0.0306982049895 0.143794253424 3.18100646175   
CALCULATING MATRIX.........n23


finished process
##############################


MATRIX PERMUTATION.....n2

 
MATRIX PERMUTATION.....n3

 
finished process
##############################


MODES.....n2

 
MODES.....n3

 
finished process
##############################


MODES.....n2

 
MODES.....n3

 
finished process 




