

MEAN_L1= 4.9782404494e-06
MEAN_L2= 3.45160048203e-05

MEAN_L1= 3.09188747807e-06
MEAN_L2= 2.44934532605e-05
0.00049782404494 3.85505355522e-05 1460.76749579 -0.39934972 304.330464438   
0.000345160048203 0.0811055914384 0.581223986518 -0.542922253333 304.330464438   
0.00049782404494 3.72150474672e-05 1460.76749579 -0.540852653333 255.307443719   
0.000345160048203 0.0692078027901 0.581223986518 -0.254689413333 255.307443719   
0.00049782404494 3.22619663716e-05 1460.76749579 -0.445026433333 151.232077883   
0.000345160048203 0.0651960367561 0.581223986518 -0.0178922133333 151.232077883   
0.00049782404494 3.52741008855e-05 1460.76749579 -0.537865266667 137.009611703   
0.000345160048203 0.0477162462489 0.581223986518 0.380588553333 137.009611703   
0.00049782404494 1.52252655516e-05 1460.76749579 -0.227696986667 44.6429726266   
0.000345160048203 0.0489594196957 0.581223986518 0.50777128 44.6429726266   
0.00049782404494 0.0 1460.76749579 -0.0878333333333 14.8348278306   
0.000345160048203 0.0355267158301 0.581223986518 0.381204533333 14.8348278306   
0.00049782404494 2.17882170068e-05 1460.76749579 -0.03304144 5.26675767034   
0.000345160048203 0.0284438065938 0.581223986518 0.263987046667 5.26675767034   
0.000309188747807 0.000207693675157 170.292312856 -0.274781446667 304.330464438   
0.000244934532605 0.235116731572 0.0828926763775 -0.434980143369 304.330464438   
0.000309188747807 0.000186409288113 170.292312856 -0.48029378 255.307443719   
0.000244934532605 0.253664771445 0.0828926763775 -0.250537419355 255.307443719   
0.000309188747807 0.00015131436577 170.292312856 -0.459150793333 151.232077883   
0.000244934532605 0.26745675108 0.0828926763775 -0.224804845878 151.232077883   
0.000309188747807 0.000143060366481 170.292312856 -0.621835206667 137.009611703   
0.000244934532605 0.182481185248 0.0828926763775 0.337444487455 137.009611703   
0.000309188747807 9.67074857856e-05 170.292312856 -0.285492133333 44.6429726266   
0.000244934532605 0.27810178925 0.0828926763775 0.313382107527 44.6429726266   
0.000309188747807 5.42361581174e-05 170.292312856 -0.113884273333 14.8348278306   
0.000244934532605 0.14671522778 0.0828926763775 0.290566982079 14.8348278306   
0.000309188747807 3.38539713714e-05 170.292312856 -0.0428852533333 5.26675767034   
0.000244934532605 0.125623977971 0.0828926763775 0.248745526882 5.26675767034   
CALCULATING MATRIX.........n23


finished process
##############################


MATRIX PERMUTATION.....n2

 
MATRIX PERMUTATION.....n3

 
finished process
##############################


MODES.....n2

 
MODES.....n3

 
finished process
##############################


MODES.....n2

 
MODES.....n3

 
finished process 




