

MEAN_L1= 1.98580375627e-05
MEAN_L2= 0.00019174887415

MEAN_L1= 1.7976445032e-05
MEAN_L2= 0.000317700390549
0.00198580375627 0.00186277335618 118.678179603 -0.365636366667 2035.2018493   
0.0019174887415 0.0854186334344 2.20686754906 0.55317444 2035.2018493   
0.00198580375627 0.00162975781981 118.678179603 -0.52909966 1696.8766768   
0.0019174887415 0.0883380420993 2.20686754906 0.429085233333 1696.8766768   
0.00198580375627 0.00135975246368 118.678179603 -0.43819292 1007.5774037   
0.0019174887415 0.0638174291709 2.20686754906 -0.112288346667 1007.5774037   
0.00198580375627 0.00131825556704 118.678179603 -0.55475638 929.18053335   
0.0019174887415 0.0547843464035 2.20686754906 -0.388882266667 929.18053335   
0.00198580375627 0.000840373830876 118.678179603 -0.261473286667 313.731437275   
0.0019174887415 0.0485406764301 2.20686754906 -0.460304073333 313.731437275   
0.00198580375627 0.000482094799335 118.678179603 -0.1212696 107.875550975   
0.0019174887415 0.0379805536824 2.20686754906 -0.278558626667 107.875550975   
0.00198580375627 0.000271425862608 118.678179603 -0.0592517 38.580580675   
0.0019174887415 0.0243921792433 2.20686754906 -0.173212986667 38.580580675   
0.0017976445032 0.000420024813573 496.124369986 0.273968313333 2035.2018493   
0.00317700390549 0.652382401528 1.37821725102 0.101833073073 2035.2018493   
0.0017976445032 0.000371618059796 496.124369986 0.464590133333 1696.8766768   
0.00317700390549 0.42758639321 1.37821725102 0.309903263263 1696.8766768   
0.0017976445032 0.00030357912384 496.124369986 0.4513304 1007.5774037   
0.00317700390549 0.204771073199 1.37821725102 0.0119897564231 1007.5774037   
0.0017976445032 0.00028084658558 496.124369986 0.630012466667 929.18053335   
0.00317700390549 0.197197522565 1.37821725102 -0.163600587254 929.18053335   
0.0017976445032 0.000192477692774 496.124369986 0.3012484 313.731437275   
0.00317700390549 0.25307900358 1.37821725102 -0.177404324324 313.731437275   
0.0017976445032 0.000109103529015 496.124369986 0.124510953333 107.875550975   
0.00317700390549 0.180284376391 1.37821725102 -0.126208234902 107.875550975   
0.0017976445032 6.3334986301e-05 496.124369986 0.0472084466667 38.580580675   
0.00317700390549 0.147383117066 1.37821725102 -0.108426686687 38.580580675   
CALCULATING MATRIX.........n23


finished process
##############################


MATRIX PERMUTATION.....n2

 
MATRIX PERMUTATION.....n3

 
finished process
##############################


MODES.....n2

 
MODES.....n3

 
finished process
##############################


MODES.....n2

 
MODES.....n3

 
finished process 




