

MEAN_L1= 1.27805915512e-05
MEAN_L2= 9.16995683838e-05

MEAN_L1= 7.98644296836e-06
MEAN_L2= 8.20214531944e-05
0.00127805915512 3.18375631855e-05 4674.46659388 -0.39730764 772.657884927   
0.000916995683838 0.122079710292 1.28545129544 -0.36602512 772.657884927   
0.00127805915512 3.40788098636e-05 4674.46659388 -0.538529393333 643.991221879   
0.000916995683838 0.080895706627 1.28545129544 -0.422652353333 643.991221879   
0.00127805915512 2.71014026861e-05 4674.46659388 -0.44482328 379.840332655   
0.000916995683838 0.0744197014628 1.28545129544 -0.09941198 379.840332655   
0.00127805915512 3.21672240245e-05 4674.46659388 -0.54061058 344.161525784   
0.000916995683838 0.0568876205292 1.28545129544 0.498235406667 344.161525784   
0.00127805915512 2.35871064312e-05 4674.46659388 -0.230156886667 112.768887967   
0.000916995683838 0.0554806586402 1.28545129544 0.4765727 112.768887967   
0.00127805915512 1.43772644869e-05 4674.46659388 -0.08910326 37.7581724719   
0.000916995683838 0.0354485239288 1.28545129544 0.350952933333 37.7581724719   
0.00127805915512 3.25196665246e-05 4674.46659388 -0.0331406533333 13.2921630653   
0.000916995683838 0.0217664596975 1.28545129544 0.209640246667 13.2921630653   
0.000798644296836 0.000107707818635 832.26388825 -0.27285994 772.657884927   
0.000820214531944 0.200972685319 0.219379919911 0.610519373678 772.657884927   
0.000798644296836 9.96391694552e-05 832.26388825 -0.47711202 643.991221879   
0.000820214531944 0.196966617742 0.219379919911 0.27050013426 643.991221879   
0.000798644296836 8.31455118612e-05 832.26388825 -0.457861706667 379.840332655   
0.000820214531944 0.207231492545 0.219379919911 0.148795149867 379.840332655   
0.000798644296836 7.672859708e-05 832.26388825 -0.62404656 344.161525784   
0.000820214531944 0.15822004756 0.219379919911 -0.372709331051 344.161525784   
0.000798644296836 5.37140374276e-05 832.26388825 -0.288869953333 112.768887967   
0.000820214531944 0.134197233201 0.219379919911 -0.323475584869 112.768887967   
0.000798644296836 3.14037337609e-05 832.26388825 -0.11615712 37.7581724719   
0.000820214531944 0.111230662465 0.219379919911 -0.2455148357 37.7581724719   
0.000798644296836 3.01574387421e-05 832.26388825 -0.0436142 13.2921630653   
0.000820214531944 0.0767079203703 0.219379919911 -0.211423733763 13.2921630653   
CALCULATING MATRIX.........n23


finished process
##############################


MATRIX PERMUTATION.....n2

 
MATRIX PERMUTATION.....n3

 
finished process
##############################


MODES.....n2

 
MODES.....n3

 
finished process
##############################


MODES.....n2

 
MODES.....n3

 
finished process 




