

MEAN_L1= 1.79270568176e-05
MEAN_L2= 0.000128068271659

MEAN_L1= 1.21002663419e-05
MEAN_L2= 0.000110097084664
0.00179270568176 3.54407896344e-05 5917.66736844 -0.39590748 1154.3318205   
0.00128068271659 0.0838414180648 1.87170171721 0.460169246667 1154.3318205   
0.00179270568176 3.32241380634e-05 5917.66736844 -0.53670812 959.733506325   
0.00128068271659 0.0775361144541 1.87170171721 0.346982646667 959.733506325   
0.00179270568176 3.30101250459e-05 5917.66736844 -0.44465728 565.44515925   
0.00128068271659 0.0585788807213 1.87170171721 0.0987556466667 565.44515925   
0.00179270568176 3.39198775535e-05 5917.66736844 -0.542601526667 512.971132275   
0.00128068271659 0.0473716417628 1.87170171721 -0.476575373333 512.971132275   
0.00179270568176 8.84417144125e-06 5917.66736844 -0.23196672 168.753263175   
0.00128068271659 0.0487232349896 1.87170171721 -0.50403634 168.753263175   
0.00179270568176 3.05184076866e-06 5917.66736844 -0.0901665266667 56.75559715   
0.00128068271659 0.0313551396822 1.87170171721 -0.327414093333 56.75559715   
0.00179270568176 0.0 5917.66736844 -0.0335666666667 20.0412164041   
0.00128068271659 0.0207177612956 1.87170171721 -0.2172901 20.0412164041   
0.00121002663419 8.86568454597e-05 1516.18523454 -0.272673813333 1154.3318205   
0.00110097084664 0.0799022020469 0.184690378781 -0.869563886661 1154.3318205   
0.00121002663419 8.25903565336e-05 1516.18523454 -0.47467392 959.733506325   
0.00110097084664 0.149864502783 0.184690378781 -0.181906515638 959.733506325   
0.00121002663419 6.94853950788e-05 1516.18523454 -0.45668338 565.44515925   
0.00110097084664 0.0894212154303 0.184690378781 0.171499893077 565.44515925   
0.00121002663419 6.53688003291e-05 1516.18523454 -0.625334906667 512.971132275   
0.00110097084664 0.0972453694591 0.184690378781 0.322179477412 512.971132275   
0.00121002663419 4.59136658186e-05 1516.18523454 -0.291339253333 168.753263175   
0.00110097084664 0.0792594671871 0.184690378781 0.12882680433 168.753263175   
0.00121002663419 3.29927931124e-05 1516.18523454 -0.117805993333 56.75559715   
0.00110097084664 0.049909012903 0.184690378781 0.0296544039027 56.75559715   
0.00121002663419 6.22630979583e-06 1516.18523454 -0.0444327466667 20.0412164041   
0.00110097084664 0.0386103211729 0.184690378781 0.0593361534349 20.0412164041   
CALCULATING MATRIX.........n23


finished process
##############################


MATRIX PERMUTATION.....n2

 
MATRIX PERMUTATION.....n3

 
finished process
##############################


MODES.....n2

 
MODES.....n3

 
finished process
##############################


MODES.....n2

 
MODES.....n3

 
finished process 




