

MEAN_L1= 2.24602728295e-05
MEAN_L2= 0.000211851624453

MEAN_L1= 1.78677032834e-05
MEAN_L2= 0.000109780656166
0.00224602728295 6.26288111492e-05 3816.99550274 -0.393710406667 1695.80176086   
0.00211851624453 0.0894134309917 2.30526223531 0.61279716 1695.80176086   
0.00224602728295 5.86936240041e-05 3816.99550274 -0.53415736 1408.26766489   
0.00211851624453 0.102257126486 2.30526223531 0.304137466667 1408.26766489   
0.00224602728295 5.05832583871e-05 3816.99550274 -0.44441664 830.427880537   
0.00211851624453 0.0774691415584 2.30526223531 -0.03895194 830.427880537   
0.00224602728295 5.06835737986e-05 3816.99550274 -0.545209046667 756.657823018   
0.00211851624453 0.0460687384132 2.30526223531 -0.484024506667 756.657823018   
0.00224602728295 3.47095831679e-05 3816.99550274 -0.235011686667 251.038442454   
0.00211851624453 0.0563124055329 2.30526223531 -0.379858026667 251.038442454   
0.00224602728295 3.24030664247e-05 3816.99550274 -0.0920588466667 85.1058763005   
0.00211851624453 0.0463969724126 2.30526223531 -0.29128198 85.1058763005   
0.00224602728295 6.36495964176e-06 3816.99550274 -0.0346993866667 30.2053343613   
0.00211851624453 0.0277469462117 2.30526223531 -0.185410106667 30.2053343613   
0.00178677032834 9.86750843797e-05 2042.83233432 -0.272203786667 1695.80176086   
0.00109780656166 0.356085822436 0.188670961006 -0.55423756163 1695.80176086   
0.00178677032834 9.08141352829e-05 2042.83233432 -0.470731473333 1408.26766489   
0.00109780656166 0.346766356036 0.188670961006 -0.270087559658 1408.26766489   
0.00178677032834 7.50842782995e-05 2042.83233432 -0.4547818 830.427880537   
0.00109780656166 0.166596880375 0.188670961006 0.0719338579261 830.427880537   
0.00178677032834 7.10387690808e-05 2042.83233432 -0.627457066667 756.657823018   
0.00109780656166 0.168513333603 0.188670961006 0.194287638544 756.657823018   
0.00178677032834 5.03281564277e-05 2042.83233432 -0.2951971 251.038442454   
0.00109780656166 0.115297866784 0.188670961006 0.251350061137 251.038442454   
0.00178677032834 3.38190997378e-05 2042.83233432 -0.120603806667 85.1058763005   
0.00109780656166 0.162196243311 0.188670961006 0.316115493236 85.1058763005   
0.00178677032834 1.4023320247e-05 2042.83233432 -0.0458364266667 30.2053343613   
0.00109780656166 0.113877724257 0.188670961006 0.240998899539 30.2053343613   
CALCULATING MATRIX.........n23


finished process
##############################


MATRIX PERMUTATION.....n2

 
MATRIX PERMUTATION.....n3

 
finished process
##############################


MODES.....n2

 
MODES.....n3

 
finished process
##############################


MODES.....n2

 
MODES.....n3

 
finished process 




