

MEAN_L1= 8.3124267478e-06
MEAN_L2= 5.23790709191e-05

MEAN_L1= 5.18507406661e-06
MEAN_L2= 6.10990360501e-05
0.00083124267478 3.3390531097e-05 2882.23614361 -0.398352486667 499.255054108   
0.000523790709191 0.0903806629158 0.80279953553 0.498214213333 499.255054108   
0.00083124267478 3.35736918369e-05 2882.23614361 -0.53978746 417.389833594   
0.000523790709191 0.0942904424243 0.80279953553 0.199427806667 417.389833594   
0.00083124267478 2.59133528151e-05 2882.23614361 -0.444901353333 246.655172505   
0.000523790709191 0.0610187979492 0.80279953553 0.15610702 246.655172505   
0.00083124267478 3.15771814426e-05 2882.23614361 -0.53921396 223.4292875   
0.000523790709191 0.0495745918312 0.80279953553 -0.387085246667 223.4292875   
0.00083124267478 2.05395616218e-05 2882.23614361 -0.228826253333 72.9930395161   
0.000523790709191 0.0468808917207 0.80279953553 -0.545276066667 72.9930395161   
0.00083124267478 0.0 2882.23614361 -0.0884333333333 24.3495204637   
0.000523790709191 0.0344472171325 0.80279953553 -0.37629816 24.3495204637   
0.00083124267478 0.0 2882.23614361 -0.0328333333333 8.55647199627   
0.000523790709191 0.0232183272988 0.80279953553 -0.267800333333 8.55647199627   
0.000518507406661 0.000142758051072 403.421644992 -0.273815453333 499.255054108   
0.000610990360501 0.335350288783 0.260069257036 0.473877590027 499.255054108   
0.000518507406661 0.00012976293681 403.421644992 -0.47895556 417.389833594   
0.000610990360501 0.374812296499 0.260069257036 0.0691000225301 417.389833594   
0.000518507406661 0.000106831118003 403.421644992 -0.458846633333 246.655172505   
0.000610990360501 0.401715502072 0.260069257036 -0.454576587436 246.655172505   
0.000518507406661 0.000100698400544 403.421644992 -0.6225369 223.4292875   
0.000610990360501 0.205732177415 0.260069257036 0.0531355901018 223.4292875   
0.000518507406661 6.82800912251e-05 403.421644992 -0.28716644 72.9930395161   
0.000610990360501 0.21621543543 0.260069257036 0.0319208253539 72.9930395161   
0.000518507406661 3.98863184625e-05 403.421644992 -0.11499896 24.3495204637   
0.000610990360501 0.211859384928 0.260069257036 0.032277312155 24.3495204637   
0.000518507406661 2.74146951691e-05 403.421644992 -0.0429528266667 8.55647199627   
0.000610990360501 0.104088723731 0.260069257036 -0.00528703015283 8.55647199627   
CALCULATING MATRIX.........n23


finished process
##############################


MATRIX PERMUTATION.....n2

 
MATRIX PERMUTATION.....n3

 
finished process
##############################


MODES.....n2

 
MODES.....n3

 
finished process
##############################


MODES.....n2

 
MODES.....n3

 
finished process 




