

MEAN_L1= 2.18775712501e-05
MEAN_L2= 0.00020165437787

MEAN_L1= 1.83526589559e-05
MEAN_L2= 0.000243390453572
0.00218775712501 9.75522904832e-05 2362.46451945 -0.39186278 1866.90955366   
0.0020165437787 0.076456903292 2.10995848034 -0.601366093333 1866.90955366   
0.00218775712501 8.97759362288e-05 2362.46451945 -0.53272382 1550.49736666   
0.0020165437787 0.0752455730474 2.10995848034 -0.323614873333 1550.49736666   
0.00218775712501 7.66892931465e-05 2362.46451945 -0.44415218 915.026480248   
0.0020165437787 0.0736199483811 2.10995848034 0.07946886 915.026480248   
0.00218775712501 7.57819608846e-05 2362.46451945 -0.546899546667 835.420828633   
0.0020165437787 0.0669814469581 2.10995848034 0.437530533333 835.420828633   
0.00218775712501 4.81735928269e-05 2362.46451945 -0.23714654 278.115323782   
0.0020165437787 0.0641908638435 2.10995848034 0.404513313333 278.115323782   
0.00218775712501 3.36466019304e-05 2362.46451945 -0.09366778 94.5711071607   
0.0020165437787 0.0474379700248 2.10995848034 0.330702193333 94.5711071607   
0.00218775712501 2.29793298359e-05 2362.46451945 -0.0355758533333 33.6289617712   
0.0020165437787 0.0327434665446 2.10995848034 0.18447912 33.6289617712   
0.00183526589559 0.000105822067649 1975.35380953 -0.271612033333 1866.90955366   
0.00243390453572 0.334418932756 0.604522510736 -0.145279300271 1866.90955366   
0.00183526589559 9.64493188104e-05 1975.35380953 -0.469285866667 1550.49736666   
0.00243390453572 0.350836517923 0.604522510736 0.485420963375 1550.49736666   
0.00183526589559 7.96008796447e-05 1975.35380953 -0.453966286667 915.026480248   
0.00243390453572 0.297887731819 0.604522510736 -0.245871120137 915.026480248   
0.00183526589559 7.63069528883e-05 1975.35380953 -0.6283694 835.420828633   
0.00243390453572 0.228409399871 0.604522510736 -0.130813075388 835.420828633   
0.00183526589559 5.29355661099e-05 1975.35380953 -0.29676994 278.115323782   
0.00243390453572 0.289403876773 0.604522510736 0.0382161536269 278.115323782   
0.00183526589559 3.40681434465e-05 1975.35380953 -0.121791293333 94.5711071607   
0.00243390453572 0.375068403843 0.604522510736 -0.038559754881 94.5711071607   
0.00183526589559 3.32986593099e-05 1975.35380953 -0.0464651466667 33.6289617712   
0.00243390453572 0.248686364739 0.604522510736 -0.0253440430383 33.6289617712   
CALCULATING MATRIX.........n23


finished process
##############################


MATRIX PERMUTATION.....n2

 
MATRIX PERMUTATION.....n3

 
finished process
##############################


MODES.....n2

 
MODES.....n3

 
finished process
##############################


MODES.....n2

 
MODES.....n3

 
finished process 




