

RMS_L1= 1.82355148086e-06
RMS_L2= 1.62648495255e-08

RMS_L1= 4.86403666256e-07
RMS_L2= 1.8140350052e-09
{u'1': 901.317296013671, u'3': 0.1792179270453929, u'2': 0.5085352118715311, u'5': 0.048727280768545, u'4': 0.0973535626851498, u'7': -0.038320494650278376, u'6': 0.041665137255406264}
{u'1': 87.86613463126362, u'3': 0.013726152876227467, u'2': 0.026540719408461363, u'5': -0.03938088114279025, u'4': -0.01069944042632107, u'7': -0.15853485027262978, u'6': -0.11770777999183711}
0.000182355148086 5.26835606386e-09 901.317296014 -0.422233333333 253.622721594   
1.62648495255e-07 0.0 0.508535211872 0.5859 253.622721594   
0.000182355148086 0.0 901.317296014 -0.564433333333 204.466459545   
1.62648495255e-07 0.0 0.508535211872 0.2271 204.466459545   
0.000182355148086 0.0 901.317296014 -0.448033333333 115.246074499   
1.62648495255e-07 3.29272253991e-10 0.508535211872 -0.0231666666667 115.246074499   
0.000182355148086 0.0 901.317296014 -0.508566666667 97.4018161349   
1.62648495255e-07 5.26835606386e-09 0.508535211872 -0.4837 97.4018161349   
0.000182355148086 0.0 901.317296014 -0.1959 28.7983291229   
1.62648495255e-07 5.26835606386e-09 0.508535211872 -0.469566666667 28.7983291229   
0.000182355148086 0.0 901.317296014 -0.0688333333333 8.78576808461   
1.62648495255e-07 0.0 0.508535211872 -0.308833333333 8.78576808461   
0.000182355148086 0.0 901.317296014 -0.0255666666667 3.14340054805   
1.62648495255e-07 0.0 0.508535211872 -0.234166666667 3.14340054805   
4.86403666256e-05 0.0 87.8661346313 -0.288433333333 253.622721594   
1.8140350052e-08 5.26835606386e-09 0.0265407194085 0.483033333333 253.622721594   
4.86403666256e-05 7.45058059692e-09 87.8661346313 -0.5093 204.466459545   
1.8140350052e-08 0.0 0.0265407194085 -0.716833333333 204.466459545   
4.86403666256e-05 0.0 87.8661346313 -0.473233333333 115.246074499   
1.8140350052e-08 0.0 0.0265407194085 0.462433333333 115.246074499   
4.86403666256e-05 7.45058059692e-09 87.8661346313 -0.601633333333 97.4018161349   
1.8140350052e-08 6.58544507983e-10 0.0265407194085 -0.0521 97.4018161349   
4.86403666256e-05 0.0 87.8661346313 -0.249633333333 28.7983291229   
1.8140350052e-08 1.31708901597e-09 0.0265407194085 0.0885666666667 28.7983291229   
4.86403666256e-05 0.0 87.8661346313 -0.0900333333333 8.78576808461   
1.8140350052e-08 0.0 0.0265407194085 0.159766666667 8.78576808461   
4.86403666256e-05 4.65661287308e-10 87.8661346313 -0.0329666666667 3.14340054805   
1.8140350052e-08 6.58544507983e-10 0.0265407194085 0.0535 3.14340054805   
CALCULATING MATRIX.........n23


finished process
##############################


MATRIX PERMUTATION.....n2

 
MATRIX PERMUTATION.....n3

 
finished process
##############################


MODES.....n2

 
MODES.....n3

 
finished process
##############################


MODES.....n2

 
MODES.....n3

 
finished process 




