

RMS_L1= 0.000459930388298
RMS_L2= 0.0033405208404

RMS_L1= 0.000291234814701
RMS_L2= 0.00262328213153
{u'1': 2942.0497307107203, u'3': 0.2329785346113627, u'2': 0.9279469406039911, u'5': 0.05541884846179762, u'4': 0.16667679297401788, u'7': -0.021151075969409308, u'6': 0.019274827340851453}
{u'1': 439.6313344320434, u'3': 0.03504603431388277, u'2': 0.1494469896566266, u'5': -0.029596316120916042, u'4': 0.001319794438892068, u'7': -0.536433808000239, u'6': -0.21065517818911875}
0.0459930388298 3.02815675057e-05 2942.04973071 -0.4200806 647.962448012   
0.033405208404 0.0447584032583 0.927946940604 -0.458468973333 647.962448012   
0.0459930388298 1.01556606398e-05 2942.04973071 -0.56236602 519.701136333   
0.033405208404 0.0411109395455 0.927946940604 -0.39615588 519.701136333   
0.0459930388298 3.33270603906e-05 2942.04973071 -0.448200646667 291.897122907   
0.033405208404 0.0334894572948 0.927946940604 0.0947344333333 291.897122907   
0.0459930388298 2.83577280119e-05 2942.04973071 -0.51158248 246.743734288   
0.033405208404 0.0258533233091 0.927946940604 0.491822213333 246.743734288   
0.0459930388298 1.76321574978e-06 2942.04973071 -0.198099953333 73.2922651945   
0.033405208404 0.0227915443284 0.927946940604 0.470589146667 73.2922651945   
0.0459930388298 1.60891391979e-05 2942.04973071 -0.0697708066667 22.4503665989   
0.033405208404 0.0168147541097 0.927946940604 0.33009746 22.4503665989   
0.0459930388298 0.0 2942.04973071 -0.0237666666667 7.35775973812   
0.033405208404 0.0106202542748 0.927946940604 0.212570833333 7.35775973812   
0.0291234814701 7.70598568614e-05 439.631334432 -0.28631664 647.962448012   
0.0262328213153 0.026783638325 0.149446989657 0.884007473333 647.962448012   
0.0291234814701 6.87981702536e-05 439.631334432 -0.506598613333 519.701136333   
0.0262328213153 0.06684623161 0.149446989657 -0.00230879333333 519.701136333   
0.0291234814701 5.75243929076e-05 439.631334432 -0.472017746667 291.897122907   
0.0262328213153 0.0459384327668 0.149446989657 0.05445854 291.897122907   
0.0291234814701 5.37120065169e-05 439.631334432 -0.60397646 246.743734288   
0.0262328213153 0.0318207945729 0.149446989657 -0.35732702 246.743734288   
0.0291234814701 3.59903189658e-05 439.631334432 -0.253580273333 73.2922651945   
0.0262328213153 0.0476486751275 0.149446989657 -0.16416134 73.2922651945   
0.0291234814701 1.78227070436e-05 439.631334432 -0.0922382 22.4503665989   
0.0262328213153 0.0298873187533 0.149446989657 -0.171423246667 22.4503665989   
0.0291234814701 6.66633289142e-07 439.631334432 -0.0313000066667 7.35775973812   
0.0262328213153 0.0215153912476 0.149446989657 -0.14002568 7.35775973812   
CALCULATING MATRIX.........n23


finished process
##############################


MATRIX PERMUTATION.....n2

 
MATRIX PERMUTATION.....n3

 
finished process
##############################


MODES.....n2

 
MODES.....n3

 
finished process
##############################


MODES.....n2

 
MODES.....n3

 
finished process 




