

RMS_L1= 0.000296886948236
RMS_L2= 0.00262467763537

RMS_L1= 0.00018586059883
RMS_L2= 0.00233258369715
{u'1': 1798.7160530172787, u'3': 0.26157015864178584, u'2': 0.7641457111062588, u'5': 0.08295514022051301, u'4': 0.14874474990500297, u'7': -0.05361443227138771, u'6': 0.03263857176458758}
{u'1': 210.84835040153766, u'3': 0.04720097309981168, u'2': 0.09687682882185827, u'5': -0.012483002021770993, u'4': 0.004179314626322055, u'7': -0.1814373955236344, u'6': -0.11414077244787704}
0.0296886948236 3.2380398995e-05 1798.71605302 -0.421192086667 417.605702147   
0.0262467763537 0.0331990730801 0.764145711106 -0.64497458 417.605702147   
0.0296886948236 2.50891506381e-05 1798.71605302 -0.563488633333 335.724999866   
0.0262467763537 0.0385131322584 0.764145711106 -0.237293633333 335.724999866   
0.0296886948236 1.24012256283e-05 1798.71605302 -0.448168973333 188.866355219   
0.0262467763537 0.0287656841439 0.764145711106 0.170298186667 188.866355219   
0.0296886948236 6.59662978475e-06 1798.71605302 -0.509966466667 159.596460924   
0.0262467763537 0.0226891897972 0.764145711106 0.422171346667 159.596460924   
0.0296886948236 2.49269109079e-06 1798.71605302 -0.196966573333 47.294582842   
0.0262467763537 0.022079326494 0.764145711106 0.458572686667 47.294582842   
0.0296886948236 0.0 1798.71605302 -0.0692333333333 14.4531154525   
0.0262467763537 0.0151778335123 0.764145711106 0.284296586667 14.4531154525   
0.0296886948236 1.37026128854e-05 1798.71605302 -0.0239029466667 4.81569944861   
0.0262467763537 0.00973271584261 0.764145711106 0.156893773333 4.81569944861   
0.018586059883 0.000103254679844 210.848350402 -0.287631066667 417.605702147   
0.0233258369715 0.22035137179 0.0968768288219 0.201034422723 417.605702147   
0.018586059883 8.97781263268e-05 210.848350402 -0.508295393333 335.724999866   
0.0233258369715 0.181865651158 0.0968768288219 0.443219251462 335.724999866   
0.018586059883 7.45100737258e-05 210.848350402 -0.472627733333 188.866355219   
0.0233258369715 0.238168664775 0.0968768288219 0.221159749373 188.866355219   
0.018586059883 6.99015182964e-05 210.848350402 -0.602502666667 159.596460924   
0.0233258369715 0.153403830756 0.0968768288219 -0.417193894737 159.596460924   
0.018586059883 4.46177715786e-05 210.848350402 -0.251474233333 47.294582842   
0.0233258369715 0.179518646451 0.0968768288219 -0.397858349206 47.294582842   
0.018586059883 2.60157824093e-05 210.848350402 -0.0911098466667 14.4531154525   
0.0233258369715 0.104378147883 0.0968768288219 -0.305921440267 14.4531154525   
0.018586059883 2.68155013198e-05 210.848350402 -0.0312468666667 4.81569944861   
0.0233258369715 0.109145922295 0.0968768288219 -0.267167121136 4.81569944861   
CALCULATING MATRIX.........n23


finished process
##############################


MATRIX PERMUTATION.....n2

 
MATRIX PERMUTATION.....n3

 
finished process
##############################


MODES.....n2

 
MODES.....n3

 
finished process
##############################


MODES.....n2

 
MODES.....n3

 
finished process 




