

RMS_L1= 0.000832348506554
RMS_L2= 0.00686863941223

RMS_L1= 0.00067571648824
RMS_L2= 0.00785128701203
{u'1': 1517.0579274833758, u'3': 0.5648455362552901, u'2': 1.383421441346748, u'5': 0.03350245485313185, u'4': 0.2745350251213819, u'7': -0.17030599144016298, u'6': -0.014747864372286716}
{u'1': 1067.1361965893202, u'3': 0.0888037631558166, u'2': 0.3698475006954816, u'5': -0.25083988794815176, u'4': 0.0022041788796067167, u'7': -0.8753317201867099, u'6': -0.34228438000171585}
0.0832348506554 5.97327137524e-05 1517.05792748 -0.414333386667 1574.01941568   
0.0686863941223 0.0561614761713 1.38342144135 -0.61458798 1574.01941568   
0.0832348506554 5.3360919876e-05 1517.05792748 -0.556739493333 1260.38327537   
0.0686863941223 0.0698778592631 1.38342144135 -0.128647186667 1260.38327537   
0.0832348506554 4.67772395244e-05 1517.05792748 -0.448486406667 709.003789051   
0.0686863941223 0.0486587715876 1.38342144135 -0.000900186666667 709.003789051   
0.0832348506554 4.54527363688e-05 1517.05792748 -0.5188346 603.878755151   
0.0686863941223 0.0264207856281 1.38342144135 0.379101533333 603.878755151   
0.0832348506554 3.36078766079e-05 1517.05792748 -0.204862113333 182.001046762   
0.0686863941223 0.0314768357825 1.38342144135 0.449320226667 182.001046762   
0.0832348506554 2.63257466145e-05 1517.05792748 -0.0735795533333 56.3982486413   
0.0686863941223 0.0267258935153 1.38342144135 0.426822286667 56.3982486413   
0.0832348506554 9.14849349641e-06 1517.05792748 -0.0256320533333 18.4825578173   
0.0686863941223 0.0166496800863 1.38342144135 0.25468056 18.4825578173   
0.067571648824 7.59180552214e-05 1067.13619659 -0.2842234 1574.01941568   
0.0785128701203 0.158724813318 0.369847500695 0.0863749141581 1574.01941568   
0.067571648824 6.68729813521e-05 1067.13619659 -0.4992166 1260.38327537   
0.0785128701203 0.141912400699 0.369847500695 0.706447601427 1260.38327537   
0.067571648824 5.58072842315e-05 1067.13619659 -0.468994646667 709.003789051   
0.0785128701203 0.131039795697 0.369847500695 -0.101614911491 709.003789051   
0.067571648824 5.20285555453e-05 1067.13619659 -0.609495873333 603.878755151   
0.0785128701203 0.112827140743 0.369847500695 -0.329545244524 603.878755151   
0.067571648824 3.69684982196e-05 1067.13619659 -0.26093218 182.001046762   
0.0785128701203 0.085838919322 0.369847500695 -0.34001106444 182.001046762   
0.067571648824 3.32885826083e-05 1067.13619659 -0.0967316066667 56.3982486413   
0.0785128701203 0.0885438082806 0.369847500695 -0.332619858653 56.3982486413   
0.067571648824 3.32728778414e-05 1067.13619659 -0.0333979933333 18.4825578173   
0.0785128701203 0.0562991832076 0.369847500695 -0.233858229156 18.4825578173   
CALCULATING MATRIX.........n23


finished process
##############################


MATRIX PERMUTATION.....n2

 
MATRIX PERMUTATION.....n3

 
finished process
##############################


MODES.....n2

 
MODES.....n3

 
finished process
##############################


MODES.....n2

 
MODES.....n3

 
finished process 




