

RMS_L1= 1.49754816608e-07
RMS_L2= 8.75839437955e-08

RMS_L1= 7.17734967398e-07
RMS_L2= 2.77215169112e-08
{u'1': 79.4210157215319, u'3': 0.4061384273681833, u'2': 1.3871636369034777, u'5': -0.08340376219428809, u'4': 0.04091713168111254, u'7': -0.4261917155764385, u'6': -0.0936816756781131}
{u'1': 270.1138081390252, u'3': 0.14306436564569538, u'2': 0.5021860331953848, u'5': -0.06560820163091598, u'4': 0.0014707397799172183, u'7': -0.6733838197149066, u'6': -0.26754989693472514}
1.49754816608e-05 0.0 79.4210157215 -0.377166666667 1719.09080599   
8.75839437955e-07 0.0 1.3871636369 0.5999 1719.09080599   
1.49754816608e-05 0.0 79.4210157215 -0.551233333333 1382.80587223   
8.75839437955e-07 3.72529029846e-09 1.3871636369 0.3507 1382.80587223   
1.49754816608e-05 0.0 79.4210157215 -0.4495 782.980909005   
8.75839437955e-07 0.0 1.3871636369 -0.1915 782.980909005   
1.49754816608e-05 0.0 79.4210157215 -0.531433333333 673.670248574   
8.75839437955e-07 0.0 1.3871636369 -0.340566666667 673.670248574   
1.49754816608e-05 0.0 79.4210157215 -0.237566666667 205.854831607   
8.75839437955e-07 5.26835606386e-09 1.3871636369 -0.447566666667 205.854831607   
1.49754816608e-05 1.31708901597e-09 79.4210157215 -0.103633333333 64.4222811168   
8.75839437955e-07 0.0 1.3871636369 -0.364433333333 64.4222811168   
1.49754816608e-05 0.0 79.4210157215 -0.0473 21.1815589553   
8.75839437955e-07 0.0 1.3871636369 -0.177033333333 21.1815589553   
7.17734967398e-05 0.0 270.113808139 -0.2877 1719.09080599   
2.77215169112e-07 0.0 0.502186033195 0.282833333333 1719.09080599   
7.17734967398e-05 5.26835606386e-09 270.113808139 -0.4959 1382.80587223   
2.77215169112e-07 0.0 0.502186033195 0.4039 1382.80587223   
7.17734967398e-05 0.0 270.113808139 -0.466433333333 782.980909005   
2.77215169112e-07 1.86264514923e-09 0.502186033195 0.1755 782.980909005   
7.17734967398e-05 0.0 270.113808139 -0.611033333333 673.670248574   
2.77215169112e-07 0.0 0.502186033195 -0.248833333333 673.670248574   
7.17734967398e-05 3.72529029846e-09 270.113808139 -0.2641 205.854831607   
2.77215169112e-07 7.45058059692e-09 0.502186033195 -0.588633333333 205.854831607   
7.17734967398e-05 0.0 270.113808139 -0.0975 64.4222811168   
2.77215169112e-07 0.0 0.502186033195 -0.468233333333 64.4222811168   
7.17734967398e-05 0.0 270.113808139 -0.0330333333333 21.1815589553   
2.77215169112e-07 0.0 0.502186033195 -0.313766666667 21.1815589553   
CALCULATING MATRIX.........n23


finished process
##############################


MATRIX PERMUTATION.....n2

 
MATRIX PERMUTATION.....n3

 
finished process
##############################


MODES.....n2

 
MODES.....n3

 
finished process
##############################


MODES.....n2

 
MODES.....n3

 
finished process 




