

RMS_L1= 7.44079901425e-06
RMS_L2= 2.70564836382e-08

RMS_L1= 2.79379883892e-06
RMS_L2= 5.34243597909e-09
{u'1': 2942.050043353819, u'3': 0.22409723215895147, u'2': 0.9263980444916352, u'5': 0.04836285390258574, u'4': 0.17316444610133658, u'7': -0.015709246908005868, u'6': 0.024503165305533595}
{u'1': 439.63090878413294, u'3': 0.031117720497719898, u'2': 0.148189673973721, u'5': -0.026326720336013625, u'4': 0.0011396749953701915, u'7': -0.5359077685673665, u'6': -0.21012317178337717}
0.000744079901425 7.45058059692e-09 2942.05004335 -0.4201 647.962448012   
2.70564836382e-07 5.26835606386e-09 0.926398044492 -0.459833333333 647.962448012   
0.000744079901425 7.45058059692e-09 2942.05004335 -0.562366666667 519.701136333   
2.70564836382e-07 5.26835606386e-09 0.926398044492 -0.3975 519.701136333   
0.000744079901425 5.26835606386e-09 2942.05004335 -0.448233333333 291.897122907   
2.70564836382e-07 0.0 0.926398044492 0.0949666666667 291.897122907   
0.000744079901425 0.0 2942.05004335 -0.511566666667 246.743734288   
2.70564836382e-07 5.26835606386e-09 0.926398044492 0.4935 246.743734288   
0.000744079901425 2.63417803193e-09 2942.05004335 -0.1981 73.2922651945   
2.70564836382e-07 5.26835606386e-09 0.926398044492 0.4721 73.2922651945   
0.000744079901425 0.0 2942.05004335 -0.0697666666667 22.4503665989   
2.70564836382e-07 3.72529029846e-09 0.926398044492 0.3311 22.4503665989   
0.000744079901425 0.0 2942.05004335 -0.0237666666667 7.35775973812   
2.70564836382e-07 2.63417803193e-09 0.926398044492 0.213166666667 7.35775973812   
0.000279379883892 3.72529029846e-09 439.630908784 -0.2863 647.962448012   
5.34243597909e-08 0.0 0.148189673974 0.8907 647.962448012   
0.000279379883892 0.0 439.630908784 -0.506566666667 519.701136333   
5.34243597909e-08 4.11590317489e-11 0.148189673974 -0.0037 519.701136333   
0.000279379883892 0.0 439.630908784 -0.472033333333 291.897122907   
5.34243597909e-08 0.0 0.148189673974 0.0533666666667 291.897122907   
0.000279379883892 0.0 439.630908784 -0.603966666667 246.743734288   
5.34243597909e-08 0.0 0.148189673974 -0.359566666667 246.743734288   
0.000279379883892 0.0 439.630908784 -0.253566666667 73.2922651945   
5.34243597909e-08 1.86264514923e-09 0.148189673974 -0.1623 73.2922651945   
0.000279379883892 0.0 439.630908784 -0.0922333333333 22.4503665989   
5.34243597909e-08 0.0 0.148189673974 -0.169966666667 22.4503665989   
0.000279379883892 0.0 439.630908784 -0.0313 7.35775973812   
5.34243597909e-08 1.86264514923e-09 0.148189673974 -0.138833333333 7.35775973812   
CALCULATING MATRIX.........n23


finished process
##############################


MATRIX PERMUTATION.....n2

 
MATRIX PERMUTATION.....n3

 
finished process
##############################


MODES.....n2

 
MODES.....n3

 
finished process
##############################


MODES.....n2

 
MODES.....n3

 
finished process 




