

RMS_L1= 0.000656320403667
RMS_L2= 0.00515859840449

RMS_L1= 0.000433016943124
RMS_L2= 0.00757592851656
{u'1': 3751.5542840100793, u'3': 0.29108081055465856, u'2': 1.2809418281751785, u'5': 0.0826121920791321, u'4': 0.18270764776882065, u'7': -0.026206808517733576, u'6': 0.03147100630555155}
{u'1': 807.2574442917421, u'3': 0.2889142939761493, u'2': 0.5850121393882228, u'5': -0.004406175706369637, u'4': 0.07707390120015184, u'7': -0.39539079374120495, u'6': -0.06148550835198945}
0.0656320403667 2.62958191239e-05 3751.55428401 -0.41835412 969.978583504   
0.0515859840449 0.0424278331421 1.28094182818 0.544138473333 969.978583504   
0.0656320403667 1.73210616352e-05 3751.55428401 -0.56090442 776.620913453   
0.0515859840449 0.0434665865365 1.28094182818 0.27567172 776.620913453   
0.0656320403667 2.16554012082e-05 3751.55428401 -0.448374606667 435.87225657   
0.0515859840449 0.03563220969 1.28094182818 0.0213304 435.87225657   
0.0656320403667 2.52686042767e-05 3751.55428401 -0.513644906667 368.883787289   
0.0515859840449 0.0243475034109 1.28094182818 -0.534185566667 368.883787289   
0.0656320403667 1.76321574978e-06 3751.55428401 -0.199766713333 109.952591293   
0.0515859840449 0.0254885143485 1.28094182818 -0.4597642 109.952591293   
0.0656320403667 0.0 3751.55428401 -0.0706333333333 33.7793174144   
0.0515859840449 0.0169111591477 1.28094182818 -0.298914073333 33.7793174144   
0.0656320403667 0.0 3751.55428401 -0.0240333333333 11.0482341154   
0.0515859840449 0.0104550271026 1.28094182818 -0.186494013333 11.0482341154   
0.0433016943124 6.44040405712e-05 807.257444292 -0.28551578 969.978583504   
0.0757592851656 0.300186756112 0.585012139388 0.73935105063 969.978583504   
0.0433016943124 5.72795999042e-05 807.257444292 -0.50401442 776.620913453   
0.0757592851656 0.257112401986 0.585012139388 -0.256322853712 776.620913453   
0.0433016943124 4.80036429743e-05 807.257444292 -0.471227513333 435.87225657   
0.0757592851656 0.134577104975 0.585012139388 0.100616656661 435.87225657   
0.0433016943124 4.58222439711e-05 807.257444292 -0.605905526667 368.883787289   
0.0757592851656 0.139114273983 0.585012139388 -0.239932212661 368.883787289   
0.0433016943124 3.46779462251e-05 807.257444292 -0.25593366 109.952591293   
0.0757592851656 0.240437975406 0.585012139388 0.0441219331599 109.952591293   
0.0433016943124 8.43379437158e-06 807.257444292 -0.0935676 33.7793174144   
0.0757592851656 0.201450120797 0.585012139388 0.0259558868655 33.7793174144   
0.0433016943124 2.44404037079e-05 807.257444292 -0.0318893333333 11.0482341154   
0.0757592851656 0.141120704312 0.585012139388 0.0731866453205 11.0482341154   
CALCULATING MATRIX.........n23


finished process
##############################


MATRIX PERMUTATION.....n2

 
MATRIX PERMUTATION.....n3

 
finished process
##############################


MODES.....n2

 
MODES.....n3

 
finished process
##############################


MODES.....n2

 
MODES.....n3

 
finished process 




