

RMS_L1= 0.000174848211355
RMS_L2= 0.00136010532185

RMS_L1= 0.00011154545664
RMS_L2= 0.000351645861315
{u'1': 901.3171376156442, u'3': 0.17952315291652113, u'2': 0.5087940016392435, u'5': 0.05261872872696177, u'4': 0.09781767674241656, u'7': -0.03870550445610809, u'6': 0.036966229292473236}
{u'1': 87.86618951243706, u'3': 0.013896586683530075, u'2': 0.026881288859276643, u'5': -0.03866333264491367, u'4': -0.010735399051592537, u'7': -0.15989823982510867, u'6': -0.11762139256049733}
0.0174848211355 2.06459849997e-05 901.317137616 -0.422229566667 253.622721594   
0.0136010532185 0.0291972587173 0.508794001639 0.584676133333 253.622721594   
0.0174848211355 1.68345023615e-05 901.317137616 -0.564432113333 204.466459545   
0.0136010532185 0.0285912863194 0.508794001639 0.226922753333 204.466459545   
0.0174848211355 1.40453631613e-05 901.317137616 -0.44803584 115.246074499   
0.0136010532185 0.0213854613047 0.508794001639 -0.0229536066667 115.246074499   
0.0174848211355 1.49548409344e-05 901.317137616 -0.508563626667 97.4018161349   
0.0136010532185 0.017133125014 0.508794001639 -0.482880766667 97.4018161349   
0.0174848211355 9.4271560639e-07 901.317137616 -0.195900013333 28.7983291229   
0.0136010532185 0.0192154209596 0.508794001639 -0.46897032 28.7983291229   
0.0174848211355 0.0 901.317137616 -0.0688333333333 8.78576808461   
0.0136010532185 0.0134177541866 0.508794001639 -0.308477193333 8.78576808461   
0.0174848211355 0.0 901.317137616 -0.0255666666667 3.14340054805   
0.0136010532185 0.0113717477882 0.508794001639 -0.234025893333 3.14340054805   
0.011154545664 0.000149420807585 87.8661895124 -0.288431673333 253.622721594   
0.00351645861315 0.224385970966 0.0268812888593 0.467104427631 253.622721594   
0.011154545664 0.000129551024928 87.8661895124 -0.509271246667 204.466459545   
0.00351645861315 0.144735743502 0.0268812888593 -0.666051120919 204.466459545   
0.011154545664 0.00010589408204 87.8661895124 -0.47325216 115.246074499   
0.00351645861315 0.0902363985647 0.0268812888593 0.429560473588 115.246074499   
0.011154545664 9.89922337999e-05 87.8661895124 -0.601640426667 97.4018161349   
0.00351645861315 0.135943012671 0.0268812888593 -0.0544725725095 97.4018161349   
0.011154545664 6.13373446025e-05 87.8661895124 -0.24962218 28.7983291229   
0.00351645861315 0.0862823583912 0.0268812888593 0.0780790107888 28.7983291229   
0.011154545664 3.66363456593e-05 87.8661895124 -0.0900666866667 8.78576808461   
0.00351645861315 0.102431479577 0.0268812888593 0.143765811966 8.78576808461   
0.011154545664 2.28834496201e-05 87.8661895124 -0.03297488 3.14340054805   
0.00351645861315 0.0771731666784 0.0268812888593 0.0460639764607 3.14340054805   
CALCULATING MATRIX.........n23


finished process
##############################


MATRIX PERMUTATION.....n2

 
MATRIX PERMUTATION.....n3

 
finished process
##############################


MODES.....n2

 
MODES.....n3

 
finished process
##############################


MODES.....n2

 
MODES.....n3

 
finished process 




