

RMS_L1= 0.000816854550327
RMS_L2= 0.00581058535503

RMS_L1= 0.000628913358481
RMS_L2= 0.00568507161897
{u'1': 2440.513525984576, u'3': 0.6472105868537519, u'2': 1.476643965753017, u'5': 0.10951924627884273, u'4': 0.25571896612243733, u'7': -0.02359413447957593, u'6': 0.017511087562757516}
{u'1': 1100.1160538503743, u'3': 0.054755594291796376, u'2': 0.20678153131253818, u'5': -0.06492188062574913, u'4': 0.019808396472301284, u'7': -0.9177595019059236, u'6': -0.2259171107569514}
0.0816854550327 3.98605929635e-05 2440.51352598 -0.415659093333 1428.52493583   
0.0581058535503 0.0619396456441 1.47664396575 -0.525257113333 1428.52493583   
0.0816854550327 3.68172677324e-05 2440.51352598 -0.558674093333 1143.45642202   
0.0581058535503 0.0679679514322 1.47664396575 -0.187017773333 1143.45642202   
0.0816854550327 2.93699132369e-05 2440.51352598 -0.448501186667 642.612586756   
0.0581058535503 0.039096010586 1.47664396575 -0.135065826667 642.612586756   
0.0816854550327 2.94380896832e-05 2440.51352598 -0.516769506667 546.231185479   
0.0581058535503 0.0287232566101 1.47664396575 0.49246196 546.231185479   
0.0816854550327 2.9311942906e-05 2440.51352598 -0.202650766667 164.092170639   
0.0581058535503 0.0264226277848 1.47664396575 0.4764219 164.092170639   
0.0816854550327 9.4271560639e-07 2440.51352598 -0.0722333466667 50.7241845378   
0.0581058535503 0.0185305481701 1.47664396575 0.3676564 50.7241845378   
0.0816854550327 1.99909979719e-06 2440.51352598 -0.0248333933333 16.6132545173   
0.0581058535503 0.0123180146595 1.47664396575 0.2328414 16.6132545173   
0.0628913358481 6.72010815645e-05 1100.11605385 -0.284282846667 1428.52493583   
0.0568507161897 0.0568025818318 0.206781531313 -0.708362106667 1428.52493583   
0.0628913358481 6.07825264928e-05 1100.11605385 -0.500855326667 1143.45642202   
0.0568507161897 0.067376989714 0.206781531313 -0.314646353333 1143.45642202   
0.0628913358481 5.01012637199e-05 1100.11605385 -0.469862546667 642.612586756   
0.0568507161897 0.0603759931128 0.206781531313 0.126615933333 642.612586756   
0.0628913358481 4.76375167205e-05 1100.11605385 -0.608308353333 546.231185479   
0.0568507161897 0.036331372919 0.206781531313 0.277760553333 546.231185479   
0.0628913358481 3.15242231357e-05 1100.11605385 -0.259373366667 164.092170639   
0.0568507161897 0.0382203946709 0.206781531313 0.34415664 164.092170639   
0.0628913358481 8.61130777985e-06 1100.11605385 -0.09569974 50.7241845378   
0.0568507161897 0.036711651497 0.206781531313 0.36155418 50.7241845378   
0.0628913358481 3.17365257498e-05 1100.11605385 -0.03292314 16.6132545173   
0.0568507161897 0.0247460061815 0.206781531313 0.20179238 16.6132545173   
CALCULATING MATRIX.........n23


finished process
##############################


MATRIX PERMUTATION.....n2

 
MATRIX PERMUTATION.....n3

 
finished process
##############################


MODES.....n2

 
MODES.....n3

 
finished process
##############################


MODES.....n2

 
MODES.....n3

 
finished process 




