

RMS_L1= 1.66142000105e-05
RMS_L2= 4.75248352519e-08

RMS_L1= 1.95880850853e-06
RMS_L2= 3.48904313425e-08
{u'1': 3751.5540629726233, u'3': 0.28225895029163445, u'2': 1.279625462871081, u'5': 0.07920364777452671, u'4': 0.18325602602049518, u'7': -0.01869534057222842, u'6': 0.039494750134284946}
{u'1': 807.2578055036056, u'3': 0.2885570755317245, u'2': 0.5822990821251226, u'5': -0.005208495993428583, u'4': 0.07554648557448723, u'7': -0.39310593258994775, u'6': -0.0597178792164521}
0.00166142000105 5.26835606386e-09 3751.55406297 -0.418366666667 969.978583504   
4.75248352519e-07 7.45058059692e-09 1.27962546287 0.5463 969.978583504   
0.00166142000105 7.45058059692e-09 3751.55406297 -0.5609 776.620913453   
4.75248352519e-07 0.0 1.27962546287 0.2765 776.620913453   
0.00166142000105 0.0 3751.55406297 -0.448366666667 435.87225657   
4.75248352519e-07 0.0 1.27962546287 0.0213 435.87225657   
0.00166142000105 0.0 3751.55406297 -0.513633333333 368.883787289   
4.75248352519e-07 0.0 1.27962546287 -0.536366666667 368.883787289   
0.00166142000105 2.63417803193e-09 3751.55406297 -0.199766666667 109.952591293   
4.75248352519e-07 0.0 1.27962546287 -0.460833333333 109.952591293   
0.00166142000105 0.0 3751.55406297 -0.0706333333333 33.7793174144   
4.75248352519e-07 0.0 1.27962546287 -0.299433333333 33.7793174144   
0.00166142000105 0.0 3751.55406297 -0.0240333333333 11.0482341154   
4.75248352519e-07 0.0 1.27962546287 -0.1869 11.0482341154   
0.000195880850853 3.72529029846e-09 807.257805504 -0.2855 969.978583504   
3.48904313425e-07 0.0 0.582299082125 0.8769 969.978583504   
0.000195880850853 7.45058059692e-09 807.257805504 -0.504033333333 776.620913453   
3.48904313425e-07 3.72529029846e-09 0.582299082125 -0.336833333333 776.620913453   
0.000195880850853 5.26835606386e-09 807.257805504 -0.471233333333 435.87225657   
3.48904313425e-07 1.31708901597e-09 0.582299082125 0.1197 435.87225657   
0.000195880850853 0.0 807.257805504 -0.6059 368.883787289   
3.48904313425e-07 0.0 0.582299082125 -0.2801 368.883787289   
0.000195880850853 0.0 807.257805504 -0.2559 109.952591293   
3.48904313425e-07 0.0 0.582299082125 0.0907666666667 109.952591293   
0.000195880850853 0.0 807.257805504 -0.0935666666667 33.7793174144   
3.48904313425e-07 0.0 0.582299082125 0.0634333333333 33.7793174144   
0.000195880850853 0.0 807.257805504 -0.0319 11.0482341154   
3.48904313425e-07 0.0 0.582299082125 0.111766666667 11.0482341154   
CALCULATING MATRIX.........n23


finished process
##############################


MATRIX PERMUTATION.....n2

 
MATRIX PERMUTATION.....n3

 
finished process
##############################


MODES.....n2

 
MODES.....n3

 
finished process
##############################


MODES.....n2

 
MODES.....n3

 
finished process 




