

RMS_L1= 9.25791288831e-05
RMS_L2= 0.00048767671865

RMS_L1= 6.34586575543e-05
RMS_L2= 0.00080771051846
{u'1': 363.00639983039724, u'3': 0.13992191760907777, u'2': 0.3414635989121746, u'5': 0.06912970911922972, u'4': 0.11718301592377836, u'7': 0.011061553444375328, u'6': 0.053558286163372625}
{u'1': 30.402984124291315, u'3': 0.009881096759433885, u'2': 0.039545740217294116, u'5': 0.002951617451269065, u'4': 0.007185973219648792, u'7': -0.08128291953558972, u'6': -0.05401859064621695}
0.00925791288831 3.12349399311e-05 363.00639983 -0.422955026667 141.454442522   
0.0048767671865 0.0222392813521 0.341463598912 0.364592193333 141.454442522   
0.00925791288831 3.27880955275e-05 363.00639983 -0.565256753333 114.348463555   
0.0048767671865 0.0175166331232 0.341463598912 0.337017166667 114.348463555   
0.00925791288831 2.34905900662e-05 363.00639983 -0.447906546667 64.5707051317   
0.0048767671865 0.0182918618849 0.341463598912 0.0356217333333 64.5707051317   
0.00925791288831 2.40323636836e-05 363.00639983 -0.507108366667 54.566568079   
0.0048767671865 0.0148482700475 0.341463598912 -0.441079426667 54.566568079   
0.00925791288831 2.90463968657e-06 363.00639983 -0.19483342 16.088070042   
0.0048767671865 0.00956386024627 0.341463598912 -0.493418793333 16.088070042   
0.00925791288831 0.0 363.00639983 -0.0698333333333 4.98637559843   
0.0048767671865 0.0110405249093 0.341463598912 -0.420761093333 4.98637559843   
0.00925791288831 3.29272253991e-10 363.00639983 -0.0311666666667 2.13819294568   
0.0048767671865 0.00982426291574 0.341463598912 -0.36810856 2.13819294568   
0.00634586575543 0.000242962577738 30.4029841243 0.290124726667 141.454442522   
0.0080771051846 0.196857580746 0.0395457402173 0.166765076502 141.454442522   
0.00634586575543 0.000210339150752 30.4029841243 0.511934706667 114.348463555   
0.0080771051846 0.173602312764 0.0395457402173 -0.739501476582 114.348463555   
0.00634586575543 0.000169821092453 30.4029841243 0.473572546667 64.5707051317   
0.0080771051846 0.143442561672 0.0395457402173 0.328158969733 64.5707051317   
0.00634586575543 0.00015872006715 30.4029841243 0.598966046667 54.566568079   
0.0080771051846 0.119070542408 0.0395457402173 0.128450056792 54.566568079   
0.00634586575543 9.74263482525e-05 30.4029841243 0.246954533333 16.088070042   
0.0080771051846 0.124299957046 0.0395457402173 0.291920438298 16.088070042   
0.00634586575543 5.39045901886e-05 30.4029841243 0.09054914 4.98637559843   
0.0080771051846 0.109772098036 0.0395457402173 0.20303106835 4.98637559843   
0.00634586575543 3.95175437837e-05 30.4029841243 0.0391638133333 2.13819294568   
0.0080771051846 0.0897700269185 0.0395457402173 0.188407643482 2.13819294568   
CALCULATING MATRIX.........n23


finished process
##############################


MATRIX PERMUTATION.....n2

 
MATRIX PERMUTATION.....n3

 
finished process
##############################


MODES.....n2

 
MODES.....n3

 
finished process
##############################


MODES.....n2

 
MODES.....n3

 
finished process 




