

RMS_L1= 7.824344197e-06
RMS_L2= 5.51921590791e-08

RMS_L1= 4.12953092472e-07
RMS_L2= 1.3301947021e-08
{u'1': 1517.0573013165217, u'3': 0.5645121308537986, u'2': 1.3803950938638136, u'5': 0.032823855987296285, u'4': 0.2757461680265364, u'7': -0.16798228811472746, u'6': -0.013358454727959974}
{u'1': 1067.1348747870013, u'3': 0.08662040910369055, u'2': 0.36356020316423077, u'5': -0.2657753032690817, u'4': 0.002264579534425734, u'7': -0.8730353228165736, u'6': -0.3237495226584306}
0.0007824344197 5.26835606386e-09 1517.05730132 -0.414366666667 1574.01941568   
5.51921590791e-07 0.0 1.38039509386 -0.618633333333 1574.01941568   
0.0007824344197 0.0 1517.05730132 -0.556766666667 1260.38327537   
5.51921590791e-07 0.0 1.38039509386 -0.128766666667 1260.38327537   
0.0007824344197 0.0 1517.05730132 -0.4485 709.003789051   
5.51921590791e-07 0.0 1.38039509386 -0.0027 709.003789051   
0.0007824344197 0.0 1517.05730132 -0.518833333333 603.878755151   
5.51921590791e-07 0.0 1.38039509386 0.3825 603.878755151   
0.0007824344197 0.0 1517.05730132 -0.204833333333 182.001046762   
5.51921590791e-07 0.0 1.38039509386 0.452033333333 182.001046762   
0.0007824344197 0.0 1517.05730132 -0.0735666666667 56.3982486413   
5.51921590791e-07 5.26835606386e-09 1.38039509386 0.429433333333 56.3982486413   
0.0007824344197 3.29272253991e-10 1517.05730132 -0.0256333333333 18.4825578173   
5.51921590791e-07 0.0 1.38039509386 0.256166666667 18.4825578173   
4.12953092472e-05 0.0 1067.13487479 -0.284233333333 1574.01941568   
1.3301947021e-07 0.0 0.363560203164 0.0836333333333 1574.01941568   
4.12953092472e-05 5.26835606386e-09 1067.13487479 -0.499233333333 1260.38327537   
1.3301947021e-07 0.0 0.363560203164 0.743033333333 1260.38327537   
4.12953092472e-05 7.45058059692e-09 1067.13487479 -0.468966666667 709.003789051   
1.3301947021e-07 0.0 0.363560203164 -0.100966666667 709.003789051   
4.12953092472e-05 0.0 1067.13487479 -0.6095 603.878755151   
1.3301947021e-07 0.0 0.363560203164 -0.3489 603.878755151   
4.12953092472e-05 0.0 1067.13487479 -0.2609 182.001046762   
1.3301947021e-07 0.0 0.363560203164 -0.355166666667 182.001046762   
4.12953092472e-05 0.0 1067.13487479 -0.0967 56.3982486413   
1.3301947021e-07 3.72529029846e-09 0.363560203164 -0.350033333333 56.3982486413   
4.12953092472e-05 0.0 1067.13487479 -0.0333666666667 18.4825578173   
1.3301947021e-07 0.0 0.363560203164 -0.245633333333 18.4825578173   
CALCULATING MATRIX.........n23


finished process
##############################


MATRIX PERMUTATION.....n2

 
MATRIX PERMUTATION.....n3

 
finished process
##############################


MODES.....n2

 
MODES.....n3

 
finished process
##############################


MODES.....n2

 
MODES.....n3

 
finished process 




