

RMS_L1= 0.0007760461323
RMS_L2= 0.00738067729879

RMS_L1= 0.000682278494989
RMS_L2= 0.00647517803166
{u'1': 79.42157281769762, u'3': 0.40630935968849724, u'2': 1.3896578108614221, u'5': -0.07038074516211551, u'4': 0.04265000552059142, u'7': -0.42863418053617613, u'6': -0.10800541726354104}
{u'1': 270.11384020537463, u'3': 0.15241710574114925, u'2': 0.5039019129531774, u'5': -0.06574879316503231, u'4': 0.0013187365232515728, u'7': -0.6778066142653806, u'6': -0.27372584714715104}
0.07760461323 0.00109380116576 79.4215728177 -0.377127926667 1719.09080599   
0.0738067729879 0.0379621695803 1.38965781086 0.59809286 1719.09080599   
0.07760461323 0.000917190335393 79.4215728177 -0.551242333333 1382.80587223   
0.0738067729879 0.0361767594123 1.38965781086 0.348881126667 1382.80587223   
0.07760461323 0.000770252289896 79.4215728177 -0.449499453333 782.980909005   
0.0738067729879 0.0494779043757 1.38965781086 -0.191049233333 782.980909005   
0.07760461323 0.000741046901319 79.4215728177 -0.53143526 673.670248574   
0.0738067729879 0.029481666217 1.38965781086 -0.338968353333 673.670248574   
0.07760461323 0.000440596018557 79.4215728177 -0.23759186 205.854831607   
0.0738067729879 0.0273130596515 1.38965781086 -0.445616166667 205.854831607   
0.07760461323 0.00023535759791 79.4215728177 -0.103655366667 64.4222811168   
0.0738067729879 0.0213747784731 1.38965781086 -0.3632816 64.4222811168   
0.07760461323 0.000129287963861 79.4215728177 -0.0472766533333 21.1815589553   
0.0738067729879 0.0121921242359 1.38965781086 -0.176640813333 21.1815589553   
0.0682278494989 0.000301029651051 270.113840205 -0.287722106667 1719.09080599   
0.0647517803166 0.143839451608 0.503901912953 0.242878149186 1719.09080599   
0.0682278494989 0.000257352328588 270.113840205 -0.4958917 1382.80587223   
0.0647517803166 0.194830754986 0.503901912953 0.344698078463 1382.80587223   
0.0682278494989 0.000207578961651 270.113840205 -0.466435513333 782.980909005   
0.0647517803166 0.312323914507 0.503901912953 0.154797284494 782.980909005   
0.0682278494989 0.000192230101607 270.113840205 -0.611058153333 673.670248574   
0.0647517803166 0.186438394891 0.503901912953 -0.224660708567 673.670248574   
0.0682278494989 0.00012173138433 270.113840205 -0.26412516 205.854831607   
0.0647517803166 0.235591108933 0.503901912953 -0.488901768081 205.854831607   
0.0682278494989 6.48948975833e-05 270.113840205 -0.0974698266667 64.4222811168   
0.0647517803166 0.169667697718 0.503901912953 -0.390237736856 64.4222811168   
0.0682278494989 3.89630913692e-05 270.113840205 -0.0330277466667 21.1815589553   
0.0647517803166 0.117719616068 0.503901912953 -0.259511575927 21.1815589553   
CALCULATING MATRIX.........n23


finished process
##############################


MATRIX PERMUTATION.....n2

 
MATRIX PERMUTATION.....n3

 
finished process
##############################


MODES.....n2

 
MODES.....n3

 
finished process
##############################


MODES.....n2

 
MODES.....n3

 
finished process 




