

RMS_L1= 2.42481775365e-06
RMS_L2= 1.24515425015e-08

RMS_L1= 2.18048850099e-07
RMS_L2= 8.82762885193e-10
{u'1': 363.0063471521935, u'3': 0.1398064634066358, u'2': 0.34137996202441157, u'5': 0.06842033043820918, u'4': 0.11719729572633399, u'7': 0.011858934233845313, u'6': 0.053861889613200924}
{u'1': 30.403068909314783, u'3': 0.007911309053250147, u'2': 0.03889420715886158, u'5': 0.005333704099030426, u'4': 0.007453337691137902, u'7': -0.08086350228544646, u'6': -0.05401202517720705}
0.000242481775365 0.0 363.006347152 -0.422966666667 141.454442522   
1.24515425015e-07 0.0 0.341379962024 0.364833333333 141.454442522   
0.000242481775365 7.45058059692e-09 363.006347152 -0.565233333333 114.348463555   
1.24515425015e-07 0.0 0.341379962024 0.337233333333 114.348463555   
0.000242481775365 7.45058059692e-09 363.006347152 -0.4479 64.5707051317   
1.24515425015e-07 4.65661287308e-10 0.341379962024 0.0357666666667 64.5707051317   
0.000242481775365 0.0 363.006347152 -0.5071 54.566568079   
1.24515425015e-07 0.0 0.341379962024 -0.4413 54.566568079   
0.000242481775365 0.0 363.006347152 -0.194833333333 16.088070042   
1.24515425015e-07 0.0 0.341379962024 -0.4941 16.088070042   
0.000242481775365 0.0 363.006347152 -0.0698333333333 4.98637559843   
1.24515425015e-07 5.26835606386e-09 0.341379962024 -0.4211 4.98637559843   
0.000242481775365 3.29272253991e-10 363.006347152 -0.0311666666667 2.13819294568   
1.24515425015e-07 0.0 0.341379962024 -0.368366666667 2.13819294568   
2.18048850099e-05 0.0 30.4030689093 0.2901 141.454442522   
8.82762885193e-09 1.86264514923e-09 0.0388942071589 0.164566666667 141.454442522   
2.18048850099e-05 0.0 30.4030689093 0.511966666667 114.348463555   
8.82762885193e-09 0.0 0.0388942071589 -0.797833333333 114.348463555   
2.18048850099e-05 5.26835606386e-09 30.4030689093 0.473566666667 64.5707051317   
8.82762885193e-09 0.0 0.0388942071589 0.3559 64.5707051317   
2.18048850099e-05 7.45058059692e-09 30.4030689093 0.598966666667 54.566568079   
8.82762885193e-09 0.0 0.0388942071589 0.1443 54.566568079   
2.18048850099e-05 0.0 30.4030689093 0.246966666667 16.088070042   
8.82762885193e-09 0.0 0.0388942071589 0.316233333333 16.088070042   
2.18048850099e-05 0.0 30.4030689093 0.0905666666667 4.98637559843   
8.82762885193e-09 2.63417803193e-09 0.0388942071589 0.216766666667 4.98637559843   
2.18048850099e-05 0.0 30.4030689093 0.0391666666667 2.13819294568   
8.82762885193e-09 0.0 0.0388942071589 0.204633333333 2.13819294568   
CALCULATING MATRIX.........n23


finished process
##############################


MATRIX PERMUTATION.....n2

 
MATRIX PERMUTATION.....n3

 
finished process
##############################


MODES.....n2

 
MODES.....n3

 
finished process
##############################


MODES.....n2

 
MODES.....n3

 
finished process 




