

MEAN_L1= 2.84281675815e-05
MEAN_L2= 0.000314243185797

MEAN_L1= 1.76579070292e-05
MEAN_L2= 0.000141727865079
0.00284281675815 7.71001776053e-05 4025.38902675 -0.480214126667 1256.80535762   
0.00314243185797 0.144841078265 1.64636499319 -0.650200984529 1256.80535762   
0.00284281675815 6.55203032539e-05 4025.38902675 -0.54164026 776.616812604   
0.00314243185797 0.176340193383 1.64636499319 -0.172594742482 776.616812604   
0.00284281675815 5.68487658195e-05 4025.38902675 -0.433127133333 435.876685895   
0.00314243185797 0.149437495287 1.64636499319 0.358086819369 435.876685895   
0.00284281675815 5.60839743663e-05 4025.38902675 -0.496069233333 368.879628543   
0.00314243185797 0.126761855948 1.64636499319 0.334268856741 368.879628543   
0.00284281675815 3.28928873157e-05 4025.38902675 -0.192756346667 109.953742414   
0.00314243185797 0.109978730852 1.64636499319 0.335090811064 109.953742414   
0.00284281675815 1.94409693703e-05 4025.38902675 -0.0681604266667 33.7792439146   
0.00314243185797 0.0959702948924 1.64636499319 0.250701004621 33.7792439146   
0.00284281675815 3.29272253991e-10 4025.38902675 -0.0231666666667 11.0506740297   
0.00314243185797 0.0483549698273 1.64636499319 0.135026408144 11.0506740297   
0.00176579070292 0.00027386852955 827.229057243 0.321812526667 1256.80535762   
0.00141727865079 0.0754908109145 0.329626472291 -0.862895028823 1256.80535762   
0.00176579070292 0.000211699997586 827.229057243 0.498268 776.616812604   
0.00141727865079 0.194445128022 0.329626472291 -0.0403829433706 776.616812604   
0.00176579070292 0.000171814637541 827.229057243 0.465506373333 435.876685895   
0.00141727865079 0.107556087883 0.329626472291 0.0831274194642 435.876685895   
0.00176579070292 0.000165194607854 827.229057243 0.598327553333 368.879628543   
0.00141727865079 0.0731115772951 0.329626472291 0.329807616141 368.879628543   
0.00176579070292 0.000100625881201 827.229057243 0.252795406667 109.953742414   
0.00141727865079 0.0736078075332 0.329626472291 0.16451993218 109.953742414   
0.00176579070292 5.33818408411e-05 827.229057243 0.0925701533333 33.7792439146   
0.00141727865079 0.0457681889497 0.329626472291 0.193679884707 33.7792439146   
0.00176579070292 3.42855745558e-05 827.229057243 0.0316007066667 11.0506740297   
0.00141727865079 0.0219773673054 0.329626472291 0.0714301797219 11.0506740297   
CALCULATING MATRIX.........n23


finished process
##############################


MATRIX PERMUTATION.....n2

 
MATRIX PERMUTATION.....n3

 
finished process
##############################


MODES.....n2

 
MODES.....n3

 
finished process
##############################


MODES.....n2

 
MODES.....n3

 
finished process 




