

MEAN_L1= 1.29583971982e-05
MEAN_L2= 9.29746432508e-05

MEAN_L1= 7.67677759175e-06
MEAN_L2= 9.45153065004e-05
0.00129583971982 7.27906565624e-05 1929.08045641 -0.48263802 540.811932137   
0.000929746432508 0.246065856465 0.878282924822 0.385689006667 540.811932137   
0.00129583971982 6.21934755226e-05 1929.08045641 -0.544054873333 335.720420117   
0.000929746432508 0.275482301333 0.878282924822 0.297748053333 335.720420117   
0.00129583971982 5.38143303269e-05 1929.08045641 -0.4328068 188.859937896   
0.000929746432508 0.126926646357 0.878282924822 0.04463688 188.859937896   
0.00129583971982 5.38659391233e-05 1929.08045641 -0.49254154 159.594762354   
0.000929746432508 0.198908226693 0.878282924822 -0.559507806667 159.594762354   
0.00129583971982 3.1012192066e-05 1929.08045641 -0.19010622 47.2937584307   
0.000929746432508 0.172648402483 0.878282924822 -0.398136186667 47.2937584307   
0.00129583971982 3.33267986876e-05 1929.08045641 -0.0668660066667 14.4542155051   
0.000929746432508 0.0906979182294 0.878282924822 -0.197515433333 14.4542155051   
0.00129583971982 0.0 1929.08045641 -0.0231 4.81756267713   
0.000929746432508 0.0566015327179 0.878282924822 -0.12912306 4.81756267713   
0.000767677759175 0.000457377762552 216.073700007 -0.32538966 540.811932137   
0.000945153065004 0.313820394019 0.300075217778 0.623676003336 540.811932137   
0.000767677759175 0.00034412174015 216.073700007 -0.502267486667 335.720420117   
0.000945153065004 0.378545260399 0.300075217778 -0.334180197366 335.720420117   
0.000767677759175 0.000283090911611 216.073700007 -0.46682556 188.859937896   
0.000945153065004 0.344417908626 0.300075217778 0.136873855937 188.859937896   
0.000767677759175 0.00026912397132 216.073700007 -0.59419348 159.594762354   
0.000945153065004 0.239772157762 0.300075217778 -0.122288297022 159.594762354   
0.000767677759175 0.000161557829319 216.073700007 -0.248626033333 47.2937584307   
0.000945153065004 0.147600315813 0.300075217778 -0.0990162027868 47.2937584307   
0.000767677759175 8.2768805471e-05 216.073700007 -0.0898696466667 14.4542155051   
0.000945153065004 0.0743677643896 0.300075217778 -0.0013171444456 14.4542155051   
0.000767677759175 4.77013226029e-05 216.073700007 -0.0310662933333 4.81756267713   
0.000945153065004 0.090076792945 0.300075217778 -0.0503277424511 4.81756267713   
CALCULATING MATRIX.........n23


finished process
##############################


MATRIX PERMUTATION.....n2

 
MATRIX PERMUTATION.....n3

 
finished process
##############################


MODES.....n2

 
MODES.....n3

 
finished process
##############################


MODES.....n2

 
MODES.....n3

 
finished process 




