

MEAN_L1= 3.69935125257e-05
MEAN_L2= 0.000326429833118

MEAN_L1= 2.78659435155e-05
MEAN_L2= 0.000210130951102
0.00369935125257 0.0002453176718 1624.21672012 -0.475555133333 2039.75794948   
0.00326429833118 0.142679849795 1.97380252847 0.550336801869 2039.75794948   
0.00369935125257 0.000198143857292 1624.21672012 -0.53821742 1260.3572389   
0.00326429833118 0.190181053588 1.97380252847 0.179770325488 1260.3572389   
0.00369935125257 0.000166522474152 1624.21672012 -0.433315493333 708.98617426   
0.00326429833118 0.138188636324 1.97380252847 -0.00514843932566 708.98617426   
0.00369935125257 0.00016553943794 1624.21672012 -0.501578166667 603.879076076   
0.00326429833118 0.147854622321 1.97380252847 -0.487656581539 603.879076076   
0.00369935125257 9.19330374834e-05 1624.21672012 -0.197858786667 181.994568931   
0.00326429833118 0.109785094268 1.97380252847 -0.446229227174 181.994568931   
0.00369935125257 4.91478128814e-05 1624.21672012 -0.0711883933333 56.3984665434   
0.00326429833118 0.0750423178123 1.97380252847 -0.255444162911 56.3984665434   
0.00369935125257 2.79132616825e-05 1624.21672012 -0.02470326 18.4817737054   
0.00326429833118 0.0591196482519 1.97380252847 -0.209621435487 18.4817737054   
0.00278659435155 0.000326137914889 1093.68627635 -0.322155126667 2039.75794948   
0.00210130951102 0.178525730415 0.726343275917 0.712575789319 2039.75794948   
0.00278659435155 0.000251820337892 1093.68627635 -0.49268492 1260.3572389   
0.00210130951102 0.294891248128 0.726343275917 -0.0485218399677 1260.3572389   
0.00278659435155 0.000203835194446 1093.68627635 -0.462783653333 708.98617426   
0.00210130951102 0.209190691615 0.726343275917 0.123215940751 708.98617426   
0.00278659435155 0.000196382619756 1093.68627635 -0.602068326667 603.879076076   
0.00210130951102 0.133626845843 0.726343275917 -0.267247623773 603.879076076   
0.00278659435155 0.000121816520661 1093.68627635 -0.258059253333 181.994568931   
0.00210130951102 0.268771729396 0.726343275917 -0.342140541037 181.994568931   
0.00278659435155 6.37263284101e-05 1093.68627635 -0.0955795533333 56.3984665434   
0.00210130951102 0.108245865837 0.726343275917 -0.114171393391 56.3984665434   
0.00278659435155 3.696280653e-05 1093.68627635 -0.03304276 18.4817737054   
0.00210130951102 0.0536335745478 0.726343275917 -0.0768224537803 18.4817737054   
CALCULATING MATRIX.........n23


finished process
##############################


MATRIX PERMUTATION.....n2

 
MATRIX PERMUTATION.....n3

 
finished process
##############################


MODES.....n2

 
MODES.....n3

 
finished process
##############################


MODES.....n2

 
MODES.....n3

 
finished process 




