

MEAN_L1= 1.98330380568e-05
MEAN_L2= 0.000124192237534

MEAN_L1= 1.18048987839e-05
MEAN_L2= 0.00011001542332
0.00198330380568 6.83841357715e-05 3153.43941211 -0.481735233333 839.381734578   
0.00124192237534 0.169966945247 0.955754231611 0.437981261571 839.381734578   
0.00198330380568 5.9281541207e-05 3153.43941211 -0.543045766667 519.707267506   
0.00124192237534 0.173440873668 0.955754231611 0.126027247635 519.707267506   
0.00198330380568 5.10769000585e-05 3153.43941211 -0.432895726667 291.907469907   
0.00124192237534 0.162615650881 0.955754231611 0.153773782356 291.907469907   
0.00198330380568 5.16423190996e-05 3153.43941211 -0.493949573333 246.742716405   
0.00124192237534 0.0983251878448 0.955754231611 -0.434665963176 246.742716405   
0.00198330380568 3.24299936384e-05 3153.43941211 -0.191253953333 73.2954345615   
0.00124192237534 0.0994663064047 0.955754231611 -0.530398569457 73.2954345615   
0.00198330380568 2.545585811e-05 3153.43941211 -0.06742152 22.4499565605   
0.00124192237534 0.06684742321 0.955754231611 -0.362766175233 22.4499565605   
0.00198330380568 0.0 3153.43941211 -0.0229 7.35853707927   
0.00124192237534 0.0413887749972 0.955754231611 -0.235859352385 7.35853707927   
0.00118048987839 0.000337189888874 450.376395633 -0.322393546667 839.381734578   
0.0011001542332 0.355912276066 0.332869991431 0.449018646826 839.381734578   
0.00118048987839 0.000259285472259 450.376395633 -0.500169853333 519.707267506   
0.0011001542332 0.267934465494 0.332869991431 -0.560129311013 519.707267506   
0.00118048987839 0.000211562136889 450.376395633 -0.466161533333 291.907469907   
0.0011001542332 0.261997411749 0.332869991431 -0.0502081531427 291.907469907   
0.00118048987839 0.000202634225904 450.376395633 -0.59705814 246.742716405   
0.0011001542332 0.291332445488 0.332869991431 0.219202030536 246.742716405   
0.00118048987839 0.000123364181862 450.376395633 -0.250534246667 73.2954345615   
0.0011001542332 0.167364784547 0.332869991431 0.0739045958304 73.2954345615   
0.00118048987839 6.37079415971e-05 450.376395633 -0.0915296866667 22.4499565605   
0.0011001542332 0.168900281127 0.332869991431 0.0995659769046 22.4499565605   
0.00118048987839 3.68623716568e-05 450.376395633 -0.0310252333333 7.35853707927   
0.0011001542332 0.100379065096 0.332869991431 0.00988229869023 7.35853707927   
CALCULATING MATRIX.........n23


finished process
##############################


MATRIX PERMUTATION.....n2

 
MATRIX PERMUTATION.....n3

 
finished process
##############################


MODES.....n2

 
MODES.....n3

 
finished process
##############################


MODES.....n2

 
MODES.....n3

 
finished process 




