

MEAN_L1= 3.57242554676e-05
MEAN_L2= 0.000379674441348

MEAN_L1= 2.60165343017e-05
MEAN_L2= 0.000491821767367
0.00357242554676 0.000146522504555 2613.08781693 -0.477863326667 1851.33125036   
0.00379674441348 0.0664131839817 2.93920337105 -0.650365686667 1851.33125036   
0.00357242554676 0.000120616914501 2613.08781693 -0.539703266667 1143.52291946   
0.00379674441348 0.0837238519841 2.93920337105 -0.176054813333 1143.52291946   
0.00357242554676 0.000102390624118 2613.08781693 -0.433039346667 642.647845216   
0.00379674441348 0.0727898550796 2.93920337105 0.0940462666667 642.647845216   
0.00357242554676 0.000101822279943 2613.08781693 -0.4991167 546.262215122   
0.00379674441348 0.0502121457725 2.93920337105 0.5554855 546.262215122   
0.00357242554676 5.81735334487e-05 2613.08781693 -0.195663866667 164.103750714   
0.00379674441348 0.0594867655568 2.93920337105 0.339733513333 164.103750714   
0.00357242554676 3.16890446995e-05 2613.08781693 -0.0697744 50.732045954   
0.00379674441348 0.0390291189633 2.93920337105 0.251987313333 50.732045954   
0.00357242554676 2.55624020789e-05 2613.08781693 -0.0239547266667 16.6128533556   
0.00379674441348 0.0238022771896 2.93920337105 0.157591853333 16.6128533556   
0.00260165343017 0.000293648861715 1127.62415756 -0.32208648 1851.33125036   
0.00491821767367 0.157729770775 1.77715586179 -0.775678610304 1851.33125036   
0.00260165343017 0.000223800275685 1127.62415756 -0.494163453333 1143.52291946   
0.00491821767367 0.199407690923 1.77715586179 0.049115927076 1143.52291946   
0.00260165343017 0.000184946483262 1127.62415756 -0.464184793333 642.647845216   
0.00491821767367 0.163285324624 1.77715586179 -0.153165384487 642.647845216   
0.00260165343017 0.000175406449263 1127.62415756 -0.60069924 546.262215122   
0.00491821767367 0.180468931486 1.77715586179 0.479141664162 546.262215122   
0.00260165343017 0.000106749884203 1127.62415756 -0.256380133333 164.103750714   
0.00491821767367 0.104630221874 1.77715586179 0.0433040335237 164.103750714   
0.00260165343017 5.68051605754e-05 1127.62415756 -0.0946706466667 50.732045954   
0.00491821767367 0.054530639488 1.77715586179 -0.00867524458246 50.732045954   
0.00260165343017 3.52347404369e-05 1127.62415756 -0.0325907466667 16.6128533556   
0.00491821767367 0.0346699717771 1.77715586179 -0.043895846272 16.6128533556   
CALCULATING MATRIX.........n23


finished process
##############################


MATRIX PERMUTATION.....n2

 
MATRIX PERMUTATION.....n3

 
finished process
##############################


MODES.....n2

 
MODES.....n3

 
finished process
##############################


MODES.....n2

 
MODES.....n3

 
finished process 




