

MEAN_L1= 3.98861708392e-06
MEAN_L2= 2.63016183364e-05

MEAN_L1= 2.53478309665e-06
MEAN_L2= 2.89515918812e-05
0.000398861708392 0.000110430967802 389.520299301 -0.48477818 183.070251833   
0.000263016183364 0.111626725772 0.366862369585 0.467171446667 183.070251833   
0.000398861708392 9.30848119999e-05 389.520299301 -0.545477866667 114.329309667   
0.000263016183364 0.099264042244 0.366862369585 0.212961286667 114.329309667   
0.000398861708392 7.99451249e-05 389.520299301 -0.432404606667 64.5625910833   
0.000263016183364 0.0811530369939 0.366862369585 0.0338926066667 64.5625910833   
0.000398861708392 7.83905895154e-05 389.520299301 -0.489502266667 54.5638251667   
0.000263016183364 0.0627951648296 0.366862369585 -0.488225373333 54.5638251667   
0.000398861708392 4.38451815775e-05 389.520299301 -0.188211673333 16.0867021127   
0.000263016183364 0.0443957308838 0.366862369585 -0.434189366667 16.0867021127   
0.000398861708392 2.59210073456e-05 389.520299301 -0.06728894 4.98588761141   
0.000263016183364 0.0517384203922 0.366862369585 -0.391814086667 4.98588761141   
0.000398861708392 2.11631031099e-05 389.520299301 -0.03010758 2.13789830629   
0.000263016183364 0.0442730805323 0.366862369585 -0.339701686667 2.13789830629   
0.000253478309665 0.0010383608902 31.1765016558 0.324496113333 183.070251833   
0.000289515918812 0.13048391402 0.0529400641015 -0.851388159245 183.070251833   
0.000253478309665 0.000805948345835 31.1765016558 0.506768473333 114.329309667   
0.000289515918812 0.196133049882 0.0529400641015 0.0217334496204 114.329309667   
0.000253478309665 0.000642935067566 31.1765016558 0.467187786667 64.5625910833   
0.000289515918812 0.187306976689 0.0529400641015 0.0833533483822 64.5625910833   
0.000253478309665 0.00061130649509 31.1765016558 0.59120968 54.5638251667   
0.000289515918812 0.163471723392 0.0529400641015 0.30190596484 54.5638251667   
0.000253478309665 0.000372167077228 31.1765016558 0.246227 16.0867021127   
0.000289515918812 0.112068142325 0.0529400641015 0.149150461728 16.0867021127   
0.000253478309665 0.000192393397802 31.1765016558 0.08927054 4.98588761141   
0.000289515918812 0.0587315919533 0.0529400641015 0.078285115261 4.98588761141   
0.000253478309665 0.000135960647251 31.1765016558 0.0386680133333 2.13789830629   
0.000289515918812 0.0611755117998 0.0529400641015 0.105566201519 2.13789830629   
CALCULATING MATRIX.........n23


finished process
##############################


MATRIX PERMUTATION.....n2

 
MATRIX PERMUTATION.....n3

 
finished process
##############################


MODES.....n2

 
MODES.....n3

 
finished process
##############################


MODES.....n2

 
MODES.....n3

 
finished process 




