

MEAN_L1= 7.58600057397e-06
MEAN_L2= 5.08645398604e-05

MEAN_L1= 4.63539875281e-06
MEAN_L2= 6.30926416838e-05
0.000758600057397 8.39829392007e-05 967.046791289 -0.483759853333 328.359765667   
0.000508645398604 0.0940269550993 0.545603097147 0.530554793333 328.359765667   
0.000758600057397 7.2298764162e-05 967.046791289 -0.544903333333 204.47414125   
0.000508645398604 0.103117159141 0.545603097147 0.0967865 204.47414125   
0.000758600057397 6.18197523175e-05 967.046791289 -0.432650873333 115.248138667   
0.000508645398604 0.0731079962294 0.545603097147 -0.0345038 115.248138667   
0.000758600057397 6.14694706483e-05 967.046791289 -0.49101708 97.3980634167   
0.000508645398604 0.0648230930474 0.545603097147 -0.29299774 97.3980634167   
0.000758600057397 3.66291468835e-05 967.046791289 -0.189054173333 28.798972   
0.000508645398604 0.0493699558215 0.545603097147 -0.6538377 28.798972   
0.000758600057397 1.02411718047e-05 967.046791289 -0.0664990533333 8.78780890564   
0.000508645398604 0.0448499152616 0.545603097147 -0.313918646667 8.78780890564   
0.000758600057397 1.79304520578e-05 967.046791289 -0.0246947666667 3.14363297884   
0.000508645398604 0.0320451346974 0.545603097147 -0.2481134 3.14363297884   
0.000463539875281 0.000657603546891 89.8556564267 0.32502486 328.359765667   
0.000630926416838 0.187405142648 0.164823343577 0.673457371474 328.359765667   
0.000463539875281 0.000503468263184 89.8556564267 0.503094213333 204.47414125   
0.000630926416838 0.28203767727 0.164823343577 0.319210688804 204.47414125   
0.000463539875281 0.000408390192224 89.8556564267 0.466808253333 115.248138667   
0.000630926416838 0.133399141781 0.164823343577 -0.19424351537 115.248138667   
0.000463539875281 0.000380477684898 89.8556564267 0.594615953333 97.3980634167   
0.000630926416838 0.210011926429 0.164823343577 -0.394708981796 97.3980634167   
0.000463539875281 0.00023077608952 89.8556564267 0.246613926667 28.798972   
0.000630926416838 0.0934081768083 0.164823343577 -0.159352563846 28.798972   
0.000463539875281 0.000119292936169 89.8556564267 0.0888010933333 8.78780890564   
0.000630926416838 0.0720537662747 0.164823343577 -0.116713582717 8.78780890564   
0.000463539875281 7.15202485726e-05 89.8556564267 0.0327339733333 3.14363297884   
0.000630926416838 0.0594040143125 0.164823343577 -0.134188604388 3.14363297884   
CALCULATING MATRIX.........n23


finished process
##############################


MATRIX PERMUTATION.....n2

 
MATRIX PERMUTATION.....n3

 
finished process
##############################


MODES.....n2

 
MODES.....n3

 
finished process
##############################


MODES.....n2

 
MODES.....n3

 
finished process 




