

MEAN_L1= 3.36710371953e-05
MEAN_L2= 0.000582777432193

MEAN_L1= 2.79320287329e-05
MEAN_L2= 0.00017433214578
0.00336710371953 0.00480483333388 83.9718145525 -0.436069893333 2226.89660507   
0.00582777432193 0.0597438384258 2.98644513198 0.819257105219 2226.89660507   
0.00336710371953 0.00359688908429 83.9718145525 -0.537337906667 1382.78545119   
0.00582777432193 0.114607692763 2.98644513198 -0.0363572486243 1382.78545119   
0.00336710371953 0.00303990915619 83.9718145525 -0.434032046667 782.975677914   
0.00582777432193 0.101172031526 2.98644513198 -0.474077261964 782.975677914   
0.00336710371953 0.00290590102021 83.9718145525 -0.516342506667 673.671360432   
0.00582777432193 0.0976906433565 2.98644513198 -0.206823581791 673.671360432   
0.00336710371953 0.00170706869214 83.9718145525 -0.23288798 205.857089417   
0.00582777432193 0.074317388395 2.98644513198 -0.0667621777555 205.857089417   
0.00336710371953 0.000913654277335 83.9718145525 -0.09811252 64.4252680007   
0.00582777432193 0.0505000031928 2.98644513198 -0.0594511022178 64.4252680007   
0.00336710371953 0.000508068209549 83.9718145525 -0.0468691666667 21.179997572   
0.00582777432193 0.0282431851592 2.98644513198 -0.0813873636818 21.179997572   
0.00279320287329 0.0013026876791 277.371113451 -0.32453114 2226.89660507   
0.0017433214578 0.0682239809574 0.331167761906 -0.88178226707 2226.89660507   
0.00279320287329 0.000999060805771 277.371113451 -0.49217222 1382.78545119   
0.0017433214578 0.163505724111 0.331167761906 0.319874873865 1382.78545119   
0.00279320287329 0.000808530575198 277.371113451 -0.46066244 782.975677914   
0.0017433214578 0.122125251437 0.331167761906 0.191104312143 782.975677914   
0.00279320287329 0.000764441003658 277.371113451 -0.60242774 673.671360432   
0.0017433214578 0.127718687965 0.331167761906 0.0211321022536 673.671360432   
0.00279320287329 0.000470388934804 277.371113451 -0.258634833333 205.857089417   
0.0017433214578 0.0768692930459 0.331167761906 0.0971061823074 205.857089417   
0.00279320287329 0.000250414079832 277.371113451 -0.09673392 64.4252680007   
0.0017433214578 0.0488230839696 0.331167761906 0.0150983249243 64.4252680007   
0.00279320287329 0.000132528663732 277.371113451 -0.0326042866667 21.179997572   
0.0017433214578 0.0268373012638 0.331167761906 0.0434390918264 21.179997572   
CALCULATING MATRIX.........n23


finished process
##############################


MATRIX PERMUTATION.....n2

 
MATRIX PERMUTATION.....n3

 
finished process
##############################


MODES.....n2

 
MODES.....n3

 
finished process
##############################


MODES.....n2

 
MODES.....n3

 
finished process 




