

MEAN_L1= 1.14781216475e-05
MEAN_L2= 0.000113207932485

MEAN_L1= 7.17237625024e-06
MEAN_L2= 0.000105819537397
0.00114781216475 6.60960922221e-05 1798.69393941 -0.4213092 417.616465054   
0.00113207932485 0.148120219681 0.901867028581 -0.67262628 417.616465054   
0.00114781216475 6.147680516e-05 1798.69393941 -0.56340444 335.740370559   
0.00113207932485 0.178638949228 0.901867028581 -0.151041933333 335.740370559   
0.00114781216475 5.3673972278e-05 1798.69393941 -0.448197893333 188.871789825   
0.00113207932485 0.127421483158 0.901867028581 0.12762764 188.871789825   
0.00114781216475 5.3620459959e-05 1798.69393941 -0.509986193333 159.605452961   
0.00113207932485 0.128116267394 0.901867028581 0.425993493333 159.605452961   
0.00114781216475 3.28384050323e-05 1798.69393941 -0.19681594 47.2968646372   
0.00113207932485 0.104602278997 0.901867028581 0.379697146667 47.2968646372   
0.00114781216475 3.12989882623e-05 1798.69393941 -0.0692552 14.4549641057   
0.00113207932485 0.0651830342852 0.901867028581 0.217323693333 14.4549641057   
0.00114781216475 1.74838986235e-05 1798.69393941 -0.0239617133333 4.81630916993   
0.00113207932485 0.0496037826413 0.901867028581 0.17733938 4.81630916993   
0.000717237625024 0.000394985469394 211.01990934 0.28721616 417.616465054   
0.00105819537397 0.119427089362 0.316580433896 0.488888253333 417.616465054   
0.000717237625024 0.000343018182961 211.01990934 0.50897396 335.740370559   
0.00105819537397 0.107785908493 0.316580433896 -0.748451713333 335.740370559   
0.000717237625024 0.000273905574456 211.01990934 0.472556613333 188.871789825   
0.00105819537397 0.0984778853921 0.316580433896 -0.0165565 188.871789825   
0.000717237625024 0.000259793079884 211.01990934 0.602214666667 159.605452961   
0.00105819537397 0.0933171344664 0.316580433896 0.350875553333 159.605452961   
0.000717237625024 0.00015800558696 211.01990934 0.251517826667 47.2968646372   
0.00105819537397 0.0639349361054 0.316580433896 0.0992202066667 47.2968646372   
0.000717237625024 8.29708379832e-05 211.01990934 0.0908130066667 14.4549641057   
0.00105819537397 0.0401362479727 0.316580433896 0.108662953333 14.4549641057   
0.000717237625024 4.71311569504e-05 211.01990934 0.0311689733333 4.81630916993   
0.00105819537397 0.0257755501312 0.316580433896 0.0715472333333 4.81630916993   
CALCULATING MATRIX.........n23


finished process
##############################


MATRIX PERMUTATION.....n2

 
MATRIX PERMUTATION.....n3

 
finished process
##############################


MODES.....n2

 
MODES.....n3

 
finished process
##############################


MODES.....n2

 
MODES.....n3

 
finished process 




