

MEAN_L1= 1.79412738804e-05
MEAN_L2= 0.000180385419122

MEAN_L1= 1.11633763087e-05
MEAN_L2= 0.00015287467546
0.00179412738804 6.30307028804e-05 2941.87115323 -0.41992804 647.93413675   
0.00180385419122 0.187106109974 1.00499052704 -0.656587679023 647.93413675   
0.00179412738804 5.84181347969e-05 2941.87115323 -0.562362373333 519.673977583   
0.00180385419122 0.237632190006 1.00499052704 0.00995773659085 519.673977583   
0.00179412738804 5.13662860141e-05 2941.87115323 -0.44833456 291.885552333   
0.00180385419122 0.144854721656 1.00499052704 -0.088275772255 291.885552333   
0.00179412738804 5.06801931987e-05 2941.87115323 -0.51162644 246.73003   
0.00180385419122 0.131132265254 1.00499052704 0.427465845268 246.73003   
0.00179412738804 3.12445010972e-05 2941.87115323 -0.198048173333 73.2920313333   
0.00180385419122 0.14595633514 1.00499052704 0.348422928953 73.2920313333   
0.00179412738804 3.65138647638e-06 2941.87115323 -0.0697000266667 22.4485295833   
0.00180385419122 0.105567641971 1.00499052704 0.267614588599 22.4485295833   
0.00179412738804 0.0 2941.87115323 -0.0237 7.35718613338   
0.00180385419122 0.0575239441807 1.00499052704 0.140870675372 7.35718613338   
0.00111633763087 0.000295123775258 439.941396631 -0.286861193333 647.93413675   
0.0015287467546 0.310381000219 0.586402238563 -0.592846688013 647.93413675   
0.00111633763087 0.000258819552967 439.941396631 -0.506159273333 519.673977583   
0.0015287467546 0.385531830545 0.586402238563 -0.238211880462 519.673977583   
0.00111633763087 0.000207248261552 439.941396631 -0.471987773333 291.885552333   
0.0015287467546 0.134902179392 0.586402238563 0.141929617771 291.885552333   
0.00111633763087 0.00019920899499 439.941396631 -0.604057086667 246.73003   
0.0015287467546 0.235190005147 0.586402238563 0.202924774865 246.73003   
0.00111633763087 0.000119543326539 439.941396631 -0.25375792 73.2920313333   
0.0015287467546 0.182167707196 0.586402238563 0.305268487759 73.2920313333   
0.00111633763087 6.31301298197e-05 439.941396631 -0.0920856733333 22.4485295833   
0.0015287467546 0.13465656999 0.586402238563 0.213309358949 22.4485295833   
0.00111633763087 3.74483727637e-05 439.941396631 -0.03135196 7.35718613338   
0.0015287467546 0.0784338541343 0.586402238563 0.125787685945 7.35718613338   
CALCULATING MATRIX.........n23


finished process
##############################


MATRIX PERMUTATION.....n2

 
MATRIX PERMUTATION.....n3

 
finished process
##############################


MODES.....n2

 
MODES.....n3

 
finished process
##############################


MODES.....n2

 
MODES.....n3

 
finished process 




