

MEAN_L1= 6.8666768328e-06
MEAN_L2= 4.79922082421e-05

MEAN_L1= 4.3862405628e-06
MEAN_L2= 4.55432781489e-05
0.00068666768328 7.81136991453e-05 901.665125612 -0.422105166667 253.63190392   
0.000479922082421 0.33671804289 0.450994011521 0.151690206985 253.63190392   
0.00068666768328 7.06283555682e-05 901.665125612 -0.564618573333 204.476718766   
0.000479922082421 0.28527635793 0.450994011521 0.384521273697 204.476718766   
0.00068666768328 6.12309739815e-05 901.665125612 -0.44811116 115.252890575   
0.000479922082421 0.313123426526 0.450994011521 0.0582494910508 115.252890575   
0.00068666768328 6.15593178857e-05 901.665125612 -0.508440373333 97.4021331109   
0.000479922082421 0.231059339015 0.450994011521 -0.419536962198 97.4021331109   
0.00068666768328 3.6178765351e-05 901.665125612 -0.19577306 28.8001349458   
0.000479922082421 0.201867170628 0.450994011521 -0.370746104363 28.8001349458   
0.00068666768328 1.31595862656e-05 901.665125612 -0.0688310866667 8.7872422285   
0.000479922082421 0.120905048153 0.450994011521 -0.232509520566 8.7872422285   
0.00068666768328 3.45942191408e-06 901.665125612 -0.0255664866667 3.14336277843   
0.000479922082421 0.113164663373 0.450994011521 -0.209393487721 3.14336277843   
0.00043862405628 0.00056554826787 87.8284532826 0.2877257 253.63190392   
0.000455432781489 0.342763513082 0.0859373824407 -0.379770334018 253.63190392   
0.00043862405628 0.000498338028003 87.8284532826 0.509837766667 204.476718766   
0.000455432781489 0.330836952639 0.0859373824407 -0.224458084151 204.476718766   
0.00043862405628 0.000404278466742 87.8284532826 0.472716846667 115.252890575   
0.000455432781489 0.332637889352 0.0859373824407 -0.227858464582 115.252890575   
0.00043862405628 0.000375842423626 87.8284532826 0.602041293333 97.4021331109   
0.000455432781489 0.234492600576 0.0859373824407 0.498837335464 97.4021331109   
0.00043862405628 0.00023017796363 87.8284532826 0.249327053333 28.8001349458   
0.000455432781489 0.19342368873 0.0859373824407 0.0502315681351 28.8001349458   
0.00043862405628 0.000118293002509 87.8284532826 0.0900822333333 8.7872422285   
0.000455432781489 0.168756261053 0.0859373824407 0.178811717264 8.7872422285   
0.00043862405628 7.13610883726e-05 87.8284532826 0.0329394466667 3.14336277843   
0.000455432781489 0.0790929836348 0.0859373824407 0.0735938446321 3.14336277843   
CALCULATING MATRIX.........n23


finished process
##############################


MATRIX PERMUTATION.....n2

 
MATRIX PERMUTATION.....n3

 
finished process
##############################


MODES.....n2

 
MODES.....n3

 
finished process
##############################


MODES.....n2

 
MODES.....n3

 
finished process 




