

MEAN_L1= 3.35066808326e-05
MEAN_L2= 0.000403037061174

MEAN_L1= 2.9966107138e-05
MEAN_L2= 0.000363711747196
0.00335066808326 0.00477527897398 78.7918432944 0.38789064 1719.01686468   
0.00403037061174 0.0634941025653 4.08278704106 0.6531389 1719.01686468   
0.00335066808326 0.00400547538793 78.7918432944 0.550295166667 1382.76084253   
0.00403037061174 0.0687434351439 4.08278704106 0.37780434 1382.76084253   
0.00335066808326 0.00338539579582 78.7918432944 0.443620853333 782.966065308   
0.00403037061174 0.0572648420189 4.08278704106 -0.275941666667 782.966065308   
0.00335066808326 0.00328489073791 78.7918432944 0.529525533333 673.657381818   
0.00403037061174 0.0485038295961 4.08278704106 -0.519037686667 673.657381818   
0.00335066808326 0.00193667834576 78.7918432944 0.23469572 205.853006165   
0.00403037061174 0.0445458949032 4.08278704106 -0.25077176 205.853006165   
0.00335066808326 0.00104680524839 78.7918432944 0.109823086667 64.4231553814   
0.00403037061174 0.0236099509618 4.08278704106 -0.0170681666667 64.4231553814   
0.00335066808326 0.000563301574015 78.7918432944 0.0480518266667 21.1798877743   
0.00403037061174 0.0128368894661 4.08278704106 -0.0696868533333 21.1798877743   
0.0029966107138 0.00129690551551 269.483753 0.285025553333 1719.01686468   
0.00363711747196 0.419807504206 1.18385794142 0.277974150019 1719.01686468   
0.0029966107138 0.00112189962012 269.483753 0.495731246667 1382.76084253   
0.00363711747196 0.361849994381 1.18385794142 0.427322414826 1382.76084253   
0.0029966107138 0.000896770457011 269.483753 0.467748213333 782.966065308   
0.00363711747196 0.297120897533 1.18385794142 -0.245769689603 782.966065308   
0.0029966107138 0.000823890769539 269.483753 0.611154 673.657381818   
0.00363711747196 0.243746692732 1.18385794142 -0.162261568545 673.657381818   
0.0029966107138 0.000525447964435 269.483753 0.264728213333 205.853006165   
0.00363711747196 0.18671064403 1.18385794142 -0.198201708769 205.853006165   
0.0029966107138 0.000271416038503 269.483753 0.09766664 64.4231553814   
0.00363711747196 0.235425986287 1.18385794142 -0.213487309305 64.4231553814   
0.0029966107138 0.000150393888618 269.483753 0.03299046 21.1798877743   
0.00363711747196 0.107713354901 1.18385794142 -0.108525029067 21.1798877743   
CALCULATING MATRIX.........n23


finished process
##############################


MATRIX PERMUTATION.....n2

 
MATRIX PERMUTATION.....n3

 
finished process
##############################


MODES.....n2

 
MODES.....n3

 
finished process
##############################


MODES.....n2

 
MODES.....n3

 
finished process 




