

MEAN_L1= 3.50027777429e-05
MEAN_L2= 0.000321969229665

MEAN_L1= 2.87630734583e-05
MEAN_L2= 0.000271031909004
0.00350027777429 0.000244406745789 1517.44261989 -0.414644686667 1573.972805   
0.00321969229665 0.298545141226 2.34092579416 -0.242495941794 1573.972805   
0.00350027777429 0.00021512827136 1517.44261989 -0.557468733333 1260.33505456   
0.00321969229665 0.245170806556 2.34092579416 -0.45316742969 1260.33505456   
0.00350027777429 0.000181445736956 1517.44261989 -0.448271 709.006229679   
0.00321969229665 0.322616111915 2.34092579416 0.0302968533711 709.006229679   
0.00350027777429 0.000178860456684 1517.44261989 -0.518111606667 603.879509434   
0.00321969229665 0.266315289042 2.34092579416 0.528441172896 603.879509434   
0.00350027777429 9.98505336468e-05 1517.44261989 -0.204507093333 182.004900051   
0.00321969229665 0.13358822827 2.34092579416 0.245228734934 182.004900051   
0.00350027777429 5.38282883147e-05 1517.44261989 -0.0736920933333 56.4041290158   
0.00321969229665 0.103748867776 2.34092579416 0.183887170397 56.4041290158   
0.00350027777429 3.3007947866e-05 1517.44261989 -0.0256484266667 18.4828408905   
0.00321969229665 0.0459504920946 2.34092579416 0.0821687126507 18.4828408905   
0.00287630734583 0.000306408257499 1067.87512519 -0.285020746667 1573.972805   
0.00271031909004 0.321676770717 0.738945293742 0.619693642962 1573.972805   
0.00287630734583 0.000274208702617 1067.87512519 -0.499111026667 1260.33505456   
0.00271031909004 0.355316497398 0.738945293742 -0.075739879867 1260.33505456   
0.00287630734583 0.000221127485706 1067.87512519 -0.469551553333 709.006229679   
0.00271031909004 0.312714405008 0.738945293742 -0.311880928886 709.006229679   
0.00287630734583 0.000209580467478 1067.87512519 -0.609033166667 603.879509434   
0.00271031909004 0.321250378522 0.738945293742 -0.010688701777 603.879509434   
0.00287630734583 0.00013035349802 1067.87512519 -0.2603579 182.004900051   
0.00271031909004 0.234066773121 0.738945293742 0.0398696306625 182.004900051   
0.00287630734583 6.79561031738e-05 1067.87512519 -0.0967127266667 56.4041290158   
0.00271031909004 0.0940032891413 0.738945293742 0.026957098931 56.4041290158   
0.00287630734583 3.96966810808e-05 1067.87512519 -0.0333309866667 18.4828408905   
0.00271031909004 0.122452644546 0.738945293742 0.0347316135722 18.4828408905   
CALCULATING MATRIX.........n23


finished process
##############################


MATRIX PERMUTATION.....n2

 
MATRIX PERMUTATION.....n3

 
finished process
##############################


MODES.....n2

 
MODES.....n3

 
finished process
##############################


MODES.....n2

 
MODES.....n3

 
finished process 




