

MEAN_L1= 3.55437929895e-06
MEAN_L2= 3.43561847536e-05

MEAN_L1= 2.36953792753e-06
MEAN_L2= 4.42041137577e-05
0.000355437929895 0.000101635958831 363.032821543 -0.423006246667 141.47033033   
0.000343561847536 0.182439590945 0.364565909859 -0.641415836257 141.47033033   
0.000355437929895 9.10969930698e-05 363.032821543 -0.565170066667 114.341441802   
0.000343561847536 0.180431514357 0.364565909859 -0.159775274854 114.341441802   
0.000355437929895 7.93639646706e-05 363.032821543 -0.4478535 64.5782523988   
0.000343561847536 0.15360747737 0.364565909859 0.168249607352 64.5782523988   
0.000355437929895 7.80825659561e-05 363.032821543 -0.507149526667 54.5659111389   
0.000343561847536 0.105710434879 0.364565909859 0.384002810359 54.5659111389   
0.000355437929895 4.54480099445e-05 363.032821543 -0.195006946667 16.0876407164   
0.000343561847536 0.115646786396 0.364565909859 0.318260862155 16.0876407164   
0.000355437929895 3.0722394996e-05 363.032821543 -0.0698137 4.9871455689   
0.000343561847536 0.0946422383031 0.364565909859 0.314554516291 4.9871455689   
0.000355437929895 3.26974113843e-05 363.032821543 -0.03120648 2.13899038676   
0.000343561847536 0.0787961566521 0.364565909859 0.240637951546 2.13899038676   
0.000236953792753 0.000924714205029 30.4023494015 0.29177084 141.47033033   
0.000442041137577 0.0657746851284 0.266542007995 0.84726824 141.47033033   
0.000236953792753 0.00079401655866 30.4023494015 0.510484873333 114.341441802   
0.000442041137577 0.0993871165058 0.266542007995 -0.409279653333 114.341441802   
0.000236953792753 0.000649511718161 30.4023494015 0.474875726667 64.5782523988   
0.000442041137577 0.126494596048 0.266542007995 0.146067993333 64.5782523988   
0.000236953792753 0.000596927939742 30.4023494015 0.598263446667 54.5659111389   
0.000442041137577 0.0850480653955 0.266542007995 -0.21039458 54.5659111389   
0.000236953792753 0.000366485259292 30.4023494015 0.24721206 16.0876407164   
0.000442041137577 0.0553745461276 0.266542007995 0.0510185066667 16.0876407164   
0.000236953792753 0.00019047285206 30.4023494015 0.0906428133333 4.9871455689   
0.000442041137577 0.029837333589 0.266542007995 0.0381857066667 4.9871455689   
0.000236953792753 0.000136996800451 30.4023494015 0.0389405666667 2.13899038676   
0.000442041137577 0.0222957748764 0.266542007995 0.0554298066667 2.13899038676   
CALCULATING MATRIX.........n23


finished process
##############################


MATRIX PERMUTATION.....n2

 
MATRIX PERMUTATION.....n3

 
finished process
##############################


MODES.....n2

 
MODES.....n3

 
finished process
##############################


MODES.....n2

 
MODES.....n3

 
finished process 




