

RMS_L1= 0.000375803555864
RMS_L2= 0.00310230850327

RMS_L1= 0.000240172089237
RMS_L2= 0.000932028384476
0.0375803555864 4.58745428168e-05 901.252999104 -0.422244586667 253.627116819   
0.0310230850327 0.0288416247572 0.532648249937 0.390864484686 253.627116819   
0.0375803555864 4.28940575915e-05 901.252999104 -0.564444413333 204.468799949   
0.0310230850327 0.0386762703371 0.532648249937 0.235833869986 204.468799949   
0.0375803555864 3.75944196546e-05 901.252999104 -0.44806186 115.248696125   
0.0310230850327 0.0285226009339 0.532648249937 0.0767987229267 115.248696125   
0.0375803555864 3.72046538165e-05 901.252999104 -0.508503686667 97.4035352584   
0.0310230850327 0.00520622627137 0.532648249937 -0.385054608766 97.4035352584   
0.0375803555864 2.85905189243e-05 901.252999104 -0.195916066667 28.7990946251   
0.0310230850327 0.0054733672381 0.532648249937 -0.2801131547 28.7990946251   
0.0375803555864 1.15452637964e-06 901.252999104 -0.0688333133333 8.78620143758   
0.0310230850327 0.0104994259387 0.532648249937 -0.218201775021 8.78620143758   
0.0375803555864 0.0 901.252999104 -0.0255666666667 3.14350656212   
0.0310230850327 0.011970192596 0.532648249937 -0.159910687616 3.14350656212   
0.0240172089237 0.000315168941205 87.8691270528 0.287916973333 253.627116819   
0.00932028384476 0.0511585205231 0.0222881464298 0.462350382929 253.627116819   
0.0240172089237 0.000269316028934 87.8691270528 0.509287926667 204.468799949   
0.00932028384476 0.0946192421595 0.0222881464298 0.666635515824 204.468799949   
0.0240172089237 0.000221610468806 87.8691270528 0.473260006667 115.248696125   
0.00932028384476 0.0151119923175 0.0222881464298 0.503868166203 115.248696125   
0.0240172089237 0.000204854352075 87.8691270528 0.6018425 97.4035352584   
0.00932028384476 0.0869931451925 0.0222881464298 0.445795807096 97.4035352584   
0.0240172089237 0.000127488449262 87.8691270528 0.249711586667 28.7990946251   
0.00932028384476 0.118161641274 0.0222881464298 0.616255267325 28.7990946251   
0.0240172089237 6.68344285653e-05 87.8691270528 0.08999494 8.78620143758   
0.00932028384476 0.113551231295 0.0222881464298 0.423457086784 8.78620143758   
0.0240172089237 4.22489531782e-05 87.8691270528 0.0329471866667 3.14350656212   
0.00932028384476 0.0719109185234 0.0222881464298 0.155038970951 3.14350656212   
CALCULATING MATRIX.........n23


finished process
##############################


MATRIX PERMUTATION.....n2

 
MATRIX PERMUTATION.....n3

 
finished process
##############################


MODES.....n2

 
MODES.....n3

 
finished process
##############################


MODES.....n2

 
MODES.....n3

 
finished process 




