

RMS_L1= 0.000974951846358
RMS_L2= 0.0067849962198

RMS_L1= 0.000617500492379
RMS_L2= 0.00573878835782
0.0974951846358 3.78079358178e-05 2941.68947383 -0.420005066667 647.964730325   
0.067849962198 0.0586086682702 0.875253422559 0.399828168507 647.964730325   
0.0974951846358 3.62801843193e-05 2941.68947383 -0.56240104 519.705992825   
0.067849962198 0.054583662147 0.875253422559 0.378947126485 519.705992825   
0.0974951846358 3.42770869549e-05 2941.68947383 -0.448202153333 291.898611025   
0.067849962198 0.0473943661072 0.875253422559 0.15080045169 291.898611025   
0.0974951846358 3.40731074038e-05 2941.68947383 -0.5115987 246.748536325   
0.067849962198 0.0123238408767 0.875253422559 -0.294557356664 246.748536325   
0.0974951846358 1.14914382535e-05 2941.68947383 -0.198101986667 73.2913321   
0.067849962198 0.0158720623558 0.875253422559 -0.267949934736 73.2913321   
0.0974951846358 3.25346010672e-05 2941.68947383 -0.0698072533333 22.4504275088   
0.067849962198 0.025406541724 0.875253422559 -0.242056897849 22.4504275088   
0.0974951846358 2.34532073142e-05 2941.68947383 -0.02375702 7.35763326325   
0.067849962198 0.0156132412864 0.875253422559 -0.19957483387 7.35763326325   
0.0617500492379 0.000160814557628 439.668204625 -0.286499893333 647.964730325   
0.0573878835782 0.175911738559 0.161539013039 -0.0122952853958 647.964730325   
0.0617500492379 0.000142600568689 439.668204625 -0.506497953333 519.705992825   
0.0573878835782 0.135878204213 0.161539013039 -0.0455771089386 519.705992825   
0.0617500492379 0.00011500615909 439.668204625 -0.472003166667 291.898611025   
0.0573878835782 0.0822635752805 0.161539013039 0.0187252163171 291.898611025   
0.0617500492379 0.000108260163157 439.668204625 -0.60402948 246.748536325   
0.0573878835782 0.0932906806862 0.161539013039 -0.273871648035 246.748536325   
0.0617500492379 6.7972679471e-05 439.668204625 -0.253457813333 73.2913321   
0.0573878835782 0.11104763643 0.161539013039 -0.152838675414 73.2913321   
0.0617500492379 3.80331733064e-05 439.668204625 -0.0922920466667 22.4504275088   
0.0573878835782 0.0889901146518 0.161539013039 -0.192202455708 22.4504275088   
0.0617500492379 1.97319819337e-05 439.668204625 -0.0313057333333 7.35763326325   
0.0573878835782 0.0656602001974 0.161539013039 -0.165906546482 7.35763326325   
CALCULATING MATRIX.........n23


finished process
##############################


MATRIX PERMUTATION.....n2

 
MATRIX PERMUTATION.....n3

 
finished process
##############################


MODES.....n2

 
MODES.....n3

 
finished process
##############################


MODES.....n2

 
MODES.....n3

 
finished process 




