

RMS_L1= 0.000633594177845
RMS_L2= 0.00585170101486

RMS_L1= 0.000393162028976
RMS_L2= 0.00397611041174
0.0633594177845 4.0546206443e-05 1798.49454729 -0.421173026667 417.602934428   
0.0585170101486 0.0932294843108 0.784412731786 0.388202770345 417.602934428   
0.0633594177845 3.75525567267e-05 1798.49454729 -0.5634465 335.721512591   
0.0585170101486 0.0771302029072 0.784412731786 0.22993084306 335.721512591   
0.0633594177845 3.47163110847e-05 1798.49454729 -0.448205 188.867744208   
0.0585170101486 0.0446850890438 0.784412731786 -0.0542516101396 188.867744208   
0.0633594177845 3.4879970053e-05 1798.49454729 -0.510001433333 159.594460742   
0.0585170101486 0.0450291321067 0.784412731786 -0.178622118525 159.594460742   
0.0633594177845 2.60793693381e-05 1798.49454729 -0.196954093333 47.2938880943   
0.0585170101486 0.0306779716402 0.784412731786 -0.346020899243 47.2938880943   
0.0633594177845 0.0 1798.49454729 -0.0692333333333 14.4531402345   
0.0585170101486 0.026241027811 0.784412731786 -0.205027691618 14.4531402345   
0.0633594177845 1.52376594867e-05 1798.49454729 -0.0239036866667 4.81608195441   
0.0585170101486 0.0181959439647 0.784412731786 -0.131711059092 4.81608195441   
0.0393162028976 0.000215029651644 210.839186688 -0.287531326667 417.602934428   
0.0397611041174 0.137704068535 0.122633666653 0.278526084251 417.602934428   
0.0393162028976 0.000188691400185 210.839186688 -0.508322666667 335.721512591   
0.0397611041174 0.122977251696 0.122633666653 0.21995576612 335.721512591   
0.0393162028976 0.000153008436699 210.839186688 -0.472632686667 188.867744208   
0.0397611041174 0.10196999805 0.122633666653 0.220665292617 188.867744208   
0.0393162028976 0.000144621624173 210.839186688 -0.602563813333 159.594460742   
0.0397611041174 0.124755954153 0.122633666653 0.211009992939 159.594460742   
0.0393162028976 8.7957200806e-05 210.839186688 -0.251403586667 47.2938880943   
0.0397611041174 0.115212211904 0.122633666653 0.148445928202 47.2938880943   
0.0393162028976 4.77270740937e-05 210.839186688 -0.0910404133333 14.4531402345   
0.0397611041174 0.103305139582 0.122633666653 0.0935199691873 14.4531402345   
0.0393162028976 3.23068338185e-05 210.839186688 -0.0312545266667 4.81608195441   
0.0397611041174 0.0920631042317 0.122633666653 0.122158250045 4.81608195441   
CALCULATING MATRIX.........n23


finished process
##############################


MATRIX PERMUTATION.....n2

 
MATRIX PERMUTATION.....n3

 
finished process
##############################


MODES.....n2

 
MODES.....n3

 
finished process
##############################


MODES.....n2

 
MODES.....n3

 
finished process 




