

RMS_L1= 0.00173562182052
RMS_L2= 0.0161984860333

RMS_L1= 0.00143175884342
RMS_L2= 0.0125581375785
0.173562182052 0.000122863219264 1517.28602845 -0.414334126667 1574.02772005   
0.161984860333 0.21522336556 1.44035814851 0.428598782238 1574.02772005   
0.173562182052 0.000107474704911 1517.28602845 -0.55686612 1260.3856196   
0.161984860333 0.198428449358 1.44035814851 0.0913122913211 1260.3856196   
0.173562182052 9.09254619003e-05 1517.28602845 -0.44838598 709.007242944   
0.161984860333 0.133455912201 1.44035814851 -0.0483573056266 709.007242944   
0.173562182052 8.91974783901e-05 1517.28602845 -0.518765406667 603.881379341   
0.161984860333 0.0823509489845 1.44035814851 -0.257108181473 603.881379341   
0.173562182052 5.12399686487e-05 1517.28602845 -0.204900493333 182.00466282   
0.161984860333 0.14317734092 1.44035814851 -0.369208323731 182.00466282   
0.173562182052 3.2848203042e-05 1517.28602845 -0.0736112 56.3987493827   
0.161984860333 0.0933855472373 1.44035814851 -0.329506491924 56.3987493827   
0.173562182052 7.18665121322e-06 1517.28602845 -0.0256339266667 18.4828098409   
0.161984860333 0.0501831651681 1.44035814851 -0.214680494808 18.4828098409   
0.143175884342 0.000155384906519 1067.64181104 -0.284220253333 1574.02772005   
0.125581375785 0.053965624131 0.210745596894 0.638092115979 1574.02772005   
0.143175884342 0.000135845140144 1067.64181104 -0.499412013333 1260.3856196   
0.125581375785 0.0484753502169 0.210745596894 0.681519996914 1260.3856196   
0.143175884342 0.000111708082961 1067.64181104 -0.46902208 709.007242944   
0.125581375785 0.0605207261818 0.210745596894 0.69164865742 709.007242944   
0.143175884342 0.000104164669092 1067.64181104 -0.609307626667 603.881379341   
0.125581375785 0.0117009385154 0.210745596894 0.444900874237 603.881379341   
0.143175884342 6.64105428531e-05 1067.64181104 -0.260965573333 182.00466282   
0.125581375785 0.00193090363838 0.210745596894 0.237618677254 182.00466282   
0.143175884342 3.76787443668e-05 1067.64181104 -0.0967163666667 56.3987493827   
0.125581375785 0.00057835655158 0.210745596894 0.311496163453 56.3987493827   
0.143175884342 2.46637827089e-05 1067.64181104 -0.0333559933333 18.4828098409   
0.125581375785 0.000109904543469 0.210745596894 0.194766521011 18.4828098409   
CALCULATING MATRIX.........n23


finished process
##############################


MATRIX PERMUTATION.....n2

 
MATRIX PERMUTATION.....n3

 
finished process
##############################


MODES.....n2

 
MODES.....n3

 
finished process
##############################


MODES.....n2

 
MODES.....n3

 
finished process 




