

RMS_L1= 0.0013945193795
RMS_L2= 0.0106059322471

RMS_L1= 0.000929697268391
RMS_L2= 0.0165487460558
0.13945193795 4.20005815607e-05 3751.89736358 -0.418341133333 969.990947886   
0.106059322471 0.059158948832 1.29577253722 -0.40353766882 969.990947886   
0.13945193795 3.90121570878e-05 3751.89736358 -0.56092746 776.634506648   
0.106059322471 0.0581397962027 1.29577253722 -0.291562786523 776.634506648   
0.13945193795 3.51393417572e-05 3751.89736358 -0.448385066667 435.882309112   
0.106059322471 0.053668645083 1.29577253722 -0.127742775191 435.882309112   
0.13945193795 3.39227716466e-05 3751.89736358 -0.513645366667 368.888004288   
0.106059322471 0.0202655113157 1.29577253722 0.327517834026 368.888004288   
0.13945193795 1.38690238867e-05 3751.89736358 -0.199764153333 109.952831685   
0.106059322471 0.0198344597012 1.29577253722 0.331776496659 109.952831685   
0.13945193795 0.0 3751.89736358 -0.0706333333333 33.7804502073   
0.106059322471 0.022116257932 1.29577253722 0.238891352948 33.7804502073   
0.13945193795 0.0 3751.89736358 -0.0240333333333 11.0483681783   
0.106059322471 0.0159887797326 1.29577253722 0.164774546579 11.0483681783   
0.0929697268391 0.00013233643859 807.304841975 -0.285448313333 969.990947886   
0.165487460558 0.0386382614788 0.780688619414 0.227927042588 969.990947886   
0.0929697268391 0.000117150178425 807.304841975 -0.504073013333 776.634506648   
0.165487460558 0.0673630115103 0.780688619414 0.400913298325 776.634506648   
0.0929697268391 9.42209217006e-05 807.304841975 -0.47129366 435.882309112   
0.165487460558 0.075626446393 0.780688619414 0.215437461169 435.882309112   
0.0929697268391 9.06350344415e-05 807.304841975 -0.605888806667 368.888004288   
0.165487460558 0.0703968879875 0.780688619414 0.321234308208 368.888004288   
0.0929697268391 5.69776735674e-05 807.304841975 -0.255831773333 109.952831685   
0.165487460558 0.0682022481629 0.780688619414 0.423626714556 109.952831685   
0.0929697268391 3.42068992346e-05 807.304841975 -0.0935212733333 33.7804502073   
0.165487460558 0.0699244207824 0.780688619414 0.3698753676 33.7804502073   
0.0929697268391 2.88211774034e-05 807.304841975 -0.03184992 11.0483681783   
0.165487460558 0.0577568764974 0.780688619414 0.285816673692 11.0483681783   
CALCULATING MATRIX.........n23


finished process
##############################


MATRIX PERMUTATION.....n2

 
MATRIX PERMUTATION.....n3

 
finished process
##############################


MODES.....n2

 
MODES.....n3

 
finished process
##############################


MODES.....n2

 
MODES.....n3

 
finished process 




