

RMS_L1= 0.00171948920597
RMS_L2= 0.0126291071275

RMS_L1= 0.001324360891
RMS_L2= 0.0124879745107
0.171948920597 7.52765440484e-05 2440.11251381 -0.415673473333 1428.56349549   
0.126291071275 0.109994369978 1.47223970243 0.286901013327 1428.56349549   
0.171948920597 6.78884193241e-05 2440.11251381 -0.55846644 1143.48788702   
0.126291071275 0.103781319818 1.47223970243 0.0361279662505 1143.48788702   
0.171948920597 5.82170475305e-05 2440.11251381 -0.448580953333 642.630556366   
0.126291071275 0.0682378526362 1.47223970243 0.290908323078 642.630556366   
0.171948920597 5.73720782403e-05 2440.11251381 -0.51688332 546.249609373   
0.126291071275 0.158028906716 1.47223970243 -0.158798135142 546.249609373   
0.171948920597 3.61609924572e-05 2440.11251381 -0.20272902 164.097451404   
0.126291071275 0.146234797449 1.47223970243 -0.216327220663 164.097451404   
0.171948920597 2.45817195227e-05 2440.11251381 -0.0722441533333 50.7264792732   
0.126291071275 0.145447458596 1.47223970243 -0.242993228165 50.7264792732   
0.171948920597 2.31532008811e-05 2440.11251381 -0.0248426866667 16.6139333789   
0.126291071275 0.0670039031314 1.47223970243 -0.181817655145 16.6139333789   
0.1324360891 0.000141368297484 1099.79269221 -0.284334933333 1428.56349549   
0.124879745107 0.113563210572 0.322592346206 -0.375540135478 1428.56349549   
0.1324360891 0.000124197518237 1099.79269221 -0.50075458 1143.48788702   
0.124879745107 0.0933210934404 0.322592346206 -0.390417602224 1143.48788702   
0.1324360891 0.000100256892304 1099.79269221 -0.469858333333 642.630556366   
0.124879745107 0.116207147534 0.322592346206 -0.281040973285 642.630556366   
0.1324360891 9.54411362586e-05 1099.79269221 -0.608361386667 546.249609373   
0.124879745107 0.124547479881 0.322592346206 -0.246003115214 546.249609373   
0.1324360891 6.0455443512e-05 1099.79269221 -0.25939204 164.097451404   
0.124879745107 0.0932977400071 0.322592346206 -0.192950954504 164.097451404   
0.1324360891 3.39071929367e-05 1099.79269221 -0.0956976733333 50.7264792732   
0.124879745107 0.0744944266053 0.322592346206 -0.271860508193 50.7264792732   
0.1324360891 2.75121556889e-05 1099.79269221 -0.0329521533333 16.6139333789   
0.124879745107 0.0476814406472 0.322592346206 -0.142873770411 16.6139333789   
CALCULATING MATRIX.........n23


finished process
##############################


MATRIX PERMUTATION.....n2

 
MATRIX PERMUTATION.....n3

 
finished process
##############################


MODES.....n2

 
MODES.....n3

 
finished process
##############################


MODES.....n2

 
MODES.....n3

 
finished process 




