

RMS_L1= 0.000197869668625
RMS_L2= 0.000920645133798

RMS_L1= 0.000133290996566
RMS_L2= 0.00192849153278
0.0197869668625 5.90217075885e-05 362.972030128 -0.42293544 141.457358588   
0.00920645133798 0.0275226777686 0.331757206345 -0.320284320019 141.457358588   
0.0197869668625 5.35690263185e-05 362.972030128 -0.56519478 114.350121287   
0.00920645133798 0.02447279949 0.331757206345 -0.340281260841 114.350121287   
0.0197869668625 4.63069105382e-05 362.972030128 -0.447906506667 64.571404086   
0.00920645133798 0.0200859704103 0.331757206345 -0.228425786114 64.571404086   
0.0197869668625 4.58790207441e-05 362.972030128 -0.507196733333 54.5673281963   
0.00920645133798 0.0 0.331757206345 0.0 54.5673281963   
0.0197869668625 2.57888037913e-05 362.972030128 -0.194839573333 16.0885621766   
0.00920645133798 0.0 0.331757206345 0.0 16.0885621766   
0.0197869668625 5.55817705397e-06 362.972030128 -0.0698338 4.98660475797   
0.00920645133798 0.0 0.331757206345 0.0 4.98660475797   
0.0197869668625 3.29272253991e-10 362.972030128 -0.0311666666667 2.13816976736   
0.00920645133798 0.0 0.331757206345 0.0 2.13816976736   
0.0133290996566 0.00050758723281 30.3834046363 0.289831966667 141.457358588   
0.0192849153278 0.144749726059 0.0655414978133 -0.324827941505 141.457358588   
0.0133290996566 0.000440505485086 30.3834046363 0.512262526667 114.350121287   
0.0192849153278 0.0809517497801 0.0655414978133 -0.223993202382 114.350121287   
0.0133290996566 0.000357455375139 30.3834046363 0.473114433333 64.571404086   
0.0192849153278 0.102813855709 0.0655414978133 -0.250152446626 64.571404086   
0.0133290996566 0.000332551060477 30.3834046363 0.599105926667 54.5673281963   
0.0192849153278 0.0931006187195 0.0655414978133 -0.129966501215 54.5673281963   
0.0133290996566 0.000202388967491 30.3834046363 0.247129273333 16.0885621766   
0.0192849153278 0.111916518541 0.0655414978133 -0.169421523191 16.0885621766   
0.0133290996566 0.00010590318767 30.3834046363 0.09060448 4.98660475797   
0.0192849153278 0.0786050116473 0.0655414978133 -0.204178606799 4.98660475797   
0.0133290996566 7.5846602796e-05 30.3834046363 0.0391964466667 2.13816976736   
0.0192849153278 0.0847417097383 0.0655414978133 -0.0835987972504 2.13816976736   
CALCULATING MATRIX.........n23


finished process
##############################


MATRIX PERMUTATION.....n2

 
MATRIX PERMUTATION.....n3

 
finished process
##############################


MODES.....n2

 
MODES.....n3

 
finished process
##############################


MODES.....n2

 
MODES.....n3

 
finished process 




