

RMS_L1= 0.00163099576856
RMS_L2= 0.013274776684

RMS_L1= 0.00143087327686
RMS_L2= 0.0128746318964
0.163099576856 0.00228458133398 79.1804948226 -0.37554776 1719.07160647   
0.13274776684 0.055967636908 1.1763155938 0.399811966419 1719.07160647   
0.163099576856 0.00193355109088 79.1804948226 -0.550436033333 1382.79330846   
0.13274776684 0.0528155453794 1.1763155938 0.323702089766 1382.79330846   
0.163099576856 0.00162546023385 79.1804948226 -0.448803253333 782.978700083   
0.13274776684 0.0612070979678 1.1763155938 0.272543483829 782.978700083   
0.163099576856 0.00154275972741 79.1804948226 -0.53374818 673.665422628   
0.13274776684 0.0540146145598 1.1763155938 0.273161307379 673.665422628   
0.163099576856 0.000919648833231 79.1804948226 -0.23831682 205.852629187   
0.13274776684 0.0334380459944 1.1763155938 0.192341219487 205.852629187   
0.163099576856 0.000496643441018 79.1804948226 -0.103163273333 64.4225200249   
0.13274776684 0.0362232757043 1.1763155938 0.144755550777 64.4225200249   
0.163099576856 0.00027294345658 79.1804948226 -0.0471199466667 21.1816469105   
0.13274776684 0.0270607834698 1.1763155938 0.0843085048488 21.1816469105   
0.143087327686 0.000627362141463 269.981621132 0.287026846667 1719.07160647   
0.128746318964 0.206067058103 0.521699037845 -0.0904279172798 1719.07160647   
0.143087327686 0.000543665808445 269.981621132 0.49646576 1382.79330846   
0.128746318964 0.18338142805 0.521699037845 0.172016287626 1382.79330846   
0.143087327686 0.000437442260678 269.981621132 0.466170473333 782.978700083   
0.128746318964 0.154868706517 0.521699037845 -0.126630966427 782.978700083   
0.143087327686 0.000403802278253 269.981621132 0.611144906667 673.665422628   
0.128746318964 0.155067655854 0.521699037845 0.0657121237705 673.665422628   
0.143087327686 0.000256803509731 269.981621132 0.26402214 205.852629187   
0.128746318964 0.199135715091 0.521699037845 0.375624746064 205.852629187   
0.143087327686 0.000134529818085 269.981621132 0.0975892733333 64.4225200249   
0.128746318964 0.143683045742 0.521699037845 0.22243830354 64.4225200249   
0.143087327686 7.55110584996e-05 269.981621132 0.0330439933333 21.1816469105   
0.128746318964 0.104537913199 0.521699037845 0.180069832263 21.1816469105   
CALCULATING MATRIX.........n23


finished process
##############################


MATRIX PERMUTATION.....n2

 
MATRIX PERMUTATION.....n3

 
finished process
##############################


MODES.....n2

 
MODES.....n3

 
finished process
##############################


MODES.....n2

 
MODES.....n3

 
finished process 




