

RMS_L1= 0.000649310053029
RMS_L2= 0.0051248468876

RMS_L1= 0.000436341158566
RMS_L2= 0.00754337971903
0.0649310053029 2.60790974148e-05 3751.55276111 -0.418354306667 969.978583504   
0.051248468876 0.0426699960149 1.28123395733 0.54427624 969.978583504   
0.0649310053029 1.70350091713e-05 3751.55276111 -0.560904113333 776.620913453   
0.051248468876 0.0432473868115 1.28123395733 0.275945866667 776.620913453   
0.0649310053029 2.17107898695e-05 3751.55276111 -0.448374706667 435.87225657   
0.051248468876 0.0356479135594 1.28123395733 0.02086882 435.87225657   
0.0649310053029 2.55735565216e-05 3751.55276111 -0.513645286667 368.883787289   
0.051248468876 0.0241809819452 1.28123395733 -0.53433436 368.883787289   
0.0649310053029 2.10713168076e-06 3751.55276111 -0.199766733333 109.952591293   
0.051248468876 0.0251221780014 1.28123395733 -0.459489606667 109.952591293   
0.0649310053029 0.0 3751.55276111 -0.0706333333333 33.7793174144   
0.051248468876 0.0167816866036 1.28123395733 -0.2987136 33.7793174144   
0.0649310053029 0.0 3751.55276111 -0.0240333333333 11.0482341154   
0.051248468876 0.010372750358 1.28123395733 -0.186387806667 11.0482341154   
0.0436341158566 6.49773143118e-05 807.257887431 -0.285516253333 969.978583504   
0.0754337971903 0.295717869035 0.584949017043 0.741812740489 969.978583504   
0.0436341158566 5.75851822069e-05 807.257887431 -0.50401468 776.620913453   
0.0754337971903 0.258595626245 0.584949017043 -0.255411540129 776.620913453   
0.0436341158566 4.79587952571e-05 807.257887431 -0.47122772 435.87225657   
0.0754337971903 0.133850218089 0.584949017043 0.102916958421 435.87225657   
0.0436341158566 4.54877935259e-05 807.257887431 -0.605904873333 368.883787289   
0.0754337971903 0.136485878089 0.584949017043 -0.242239395152 368.883787289   
0.0436341158566 3.45510864777e-05 807.257887431 -0.25593332 109.952591293   
0.0754337971903 0.238486599678 0.584949017043 0.0415888133107 109.952591293   
0.0436341158566 8.01815711259e-06 807.257887431 -0.09356744 33.7793174144   
0.0754337971903 0.20016173484 0.584949017043 0.0240933846821 33.7793174144   
0.0436341158566 2.46243781641e-05 807.257887431 -0.0318891333333 11.0482341154   
0.0754337971903 0.140914992713 0.584949017043 0.072344893468 11.0482341154   
CALCULATING MATRIX.........n23


finished process
##############################


MATRIX PERMUTATION.....n2

 
MATRIX PERMUTATION.....n3

 
finished process
##############################


MODES.....n2

 
MODES.....n3

 
finished process
##############################


MODES.....n2

 
MODES.....n3

 
finished process 




