

RMS_L1= 0.000810130053486
RMS_L2= 0.00581992848614

RMS_L1= 0.000618241040243
RMS_L2= 0.00571669877363
0.0810130053486 3.96694292382e-05 2440.51365074 -0.415658913333 1428.52493583   
0.0581992848614 0.0620287415653 1.47778674339 -0.524220006667 1428.52493583   
0.0810130053486 3.68643306446e-05 2440.51365074 -0.558674506667 1143.45642202   
0.0581992848614 0.0683143165285 1.47778674339 -0.189010786667 1143.45642202   
0.0810130053486 2.98806401023e-05 2440.51365074 -0.448500693333 642.612586756   
0.0581992848614 0.039076197231 1.47778674339 -0.13421038 642.612586756   
0.0810130053486 2.92611021874e-05 2440.51365074 -0.5167701 546.231185479   
0.0581992848614 0.0287377507353 1.47778674339 0.493093233333 546.231185479   
0.0810130053486 2.91578622776e-05 2440.51365074 -0.202650513333 164.092170639   
0.0581992848614 0.0265174525379 1.47778674339 0.476287953333 164.092170639   
0.0810130053486 0.0 2440.51365074 -0.0722333333333 50.7241845378   
0.0581992848614 0.018898727448 1.47778674339 0.36765312 50.7241845378   
0.0810130053486 9.42714801331e-07 2440.51365074 -0.0248333466667 16.6132545173   
0.0581992848614 0.0124165021504 1.47778674339 0.23283872 16.6132545173   
0.0618241040243 6.80464038536e-05 1100.11685382 -0.28428244 1428.52493583   
0.0571669877363 0.0572174059429 0.207435696673 -0.710329766667 1428.52493583   
0.0618241040243 6.08247772538e-05 1100.11685382 -0.50085524 1143.45642202   
0.0571669877363 0.0670415004434 0.207435696673 -0.312084193333 1143.45642202   
0.0618241040243 5.03365349619e-05 1100.11685382 -0.469862953333 642.612586756   
0.0571669877363 0.0598748839344 0.207435696673 0.125716126667 642.612586756   
0.0618241040243 4.79907350083e-05 1100.11685382 -0.608308353333 546.231185479   
0.0571669877363 0.0361589098222 0.207435696673 0.27765016 546.231185479   
0.0618241040243 3.16475143438e-05 1100.11685382 -0.259373146667 164.092170639   
0.0571669877363 0.0387077713651 0.207435696673 0.343492373333 164.092170639   
0.0618241040243 8.53623904672e-06 1100.11685382 -0.0956998533333 50.7241845378   
0.0571669877363 0.0372493543653 0.207435696673 0.360915093333 50.7241845378   
0.0618241040243 3.18642788565e-05 1100.11685382 -0.0329235466667 16.6132545173   
0.0571669877363 0.0250599512605 0.207435696673 0.201791453333 16.6132545173   
CALCULATING MATRIX.........n23


finished process
##############################


MATRIX PERMUTATION.....n2

 
MATRIX PERMUTATION.....n3

 
finished process
##############################


MODES.....n2

 
MODES.....n3

 
finished process
##############################


MODES.....n2

 
MODES.....n3

 
finished process 




