

RMS_L1= 9.34609002873e-05
RMS_L2= 0.000491287955185

RMS_L1= 6.1908840025e-05
RMS_L2= 0.00081931885139
0.00934609002873 3.12731044865e-05 363.006446563 -0.422954806667 141.454442522   
0.00491287955185 0.022184636915 0.34151865969 0.364480573333 141.454442522   
0.00934609002873 3.29738245413e-05 363.006446563 -0.565257106667 114.348463555   
0.00491287955185 0.0175368900141 0.34151865969 0.33693178 114.348463555   
0.00934609002873 2.33732966533e-05 363.006446563 -0.44790666 64.5707051317   
0.00491287955185 0.0182599611548 0.34151865969 0.03600162 64.5707051317   
0.00934609002873 2.39841399173e-05 363.006446563 -0.50710788 54.566568079   
0.00491287955185 0.0147905645048 0.34151865969 -0.44116922 54.566568079   
0.00934609002873 2.66613433722e-06 363.006446563 -0.194833386667 16.088070042   
0.00491287955185 0.00963783690072 0.34151865969 -0.493609206667 16.088070042   
0.00934609002873 0.0 363.006446563 -0.0698333333333 4.98637559843   
0.00491287955185 0.0110683025529 0.34151865969 -0.42073272 4.98637559843   
0.00934609002873 3.29272253991e-10 363.006446563 -0.0311666666667 2.13819294568   
0.00491287955185 0.00988802619627 0.34151865969 -0.367931186667 2.13819294568   
0.0061908840025 0.000243042631727 30.4029741645 0.290122726667 141.454442522   
0.0081931885139 0.198165124061 0.0397051050718 0.171997258673 141.454442522   
0.0061908840025 0.000207898769315 30.4029741645 0.51193678 114.348463555   
0.0081931885139 0.178951181549 0.0397051050718 -0.737974346389 114.348463555   
0.0061908840025 0.000166995289624 30.4029741645 0.473575133333 64.5707051317   
0.0081931885139 0.145603276567 0.0397051050718 0.326847136799 64.5707051317   
0.0061908840025 0.000157531441369 30.4029741645 0.598961693333 54.566568079   
0.0081931885139 0.121860578139 0.0397051050718 0.125987642325 54.566568079   
0.0061908840025 9.59353557629e-05 30.4029741645 0.24695658 16.088070042   
0.0081931885139 0.123247363009 0.0397051050718 0.290951106882 16.088070042   
0.0061908840025 5.26188470811e-05 30.4029741645 0.0905493933333 4.98637559843   
0.0081931885139 0.106243389276 0.0397051050718 0.203892333634 4.98637559843   
0.0061908840025 3.90136608538e-05 30.4029741645 0.03916474 2.13819294568   
0.0081931885139 0.0893457088151 0.0397051050718 0.187297816288 2.13819294568   
CALCULATING MATRIX.........n23


finished process
##############################


MATRIX PERMUTATION.....n2

 
MATRIX PERMUTATION.....n3

 
finished process
##############################


MODES.....n2

 
MODES.....n3

 
finished process
##############################


MODES.....n2

 
MODES.....n3

 
finished process 




